Expansion|EASY|0,10,0,2,0|0,8,0,18,0|2,10,0,8,0|0,6,0,0,0|2,8,0,0,0|0,4,0,3,0|2,6,0,8,0|5,9,0,18,0|0,2,0,8,0|2,4,0,7,0|5,7,0,2,0|7,9,0,15,0|0,0,0,18,0|2,2,0,14,0|5,5,0,33,2|7,7,0,3,0|2,0,0,27,0|5,3,0,7,0|7,5,0,15,0|10,7,0,7,0|5,1,0,3,0|7,3,0,27,0|10,5,0,7,0|12,7,0,8,0|7,1,0,3,0|10,3,0,0,0|12,5,0,0,0|12,3,0,27,0|1,9,1,21,0|1,7,1,27,0|1,5,1,33,3|1,3,1,2,0|6,8,1,33,1|1,1,1,21,0|6,6,1,18,0|6,4,1,21,0|6,2,1,14,0|11,6,1,2,0|11,4,1,15,0|1,8,2,21,0|1,2,2,14,0|6,7,2,14,0|6,3,2,15,0|11,5,2,33,0
Expansion|EASY|0,10,0,21,0|0,8,0,9,0|2,10,0,13,0|0,6,0,32,0|2,8,0,13,0|0,4,0,6,0|2,6,0,21,0|5,9,0,17,0|0,2,0,20,0|2,4,0,9,0|5,7,0,9,0|7,9,0,15,0|0,0,0,27,0|2,2,0,25,0|5,5,0,32,0|7,7,0,25,0|2,0,0,21,0|5,3,0,17,0|7,5,0,6,0|10,7,0,17,0|5,1,0,27,0|7,3,0,32,0|10,5,0,20,0|12,7,0,18,0|7,1,0,6,0|10,3,0,21,0|12,5,0,18,0|12,3,0,25,0|1,9,1,20,0|1,7,1,18,0|1,5,1,13,0|1,3,1,27,0|6,8,1,13,0|1,1,1,25,0|6,6,1,15,0|6,4,1,32,0|6,2,1,27,0|11,6,1,6,0|11,4,1,18,0|1,8,2,15,0|1,2,2,20,0|6,7,2,15,0|6,3,2,9,0|11,5,2,17,0
Expansion|EASY|0,10,0,29,0|0,8,0,25,0|2,10,0,30,0|0,6,0,4,0|2,8,0,0,0|0,4,0,23,0|2,6,0,29,0|5,9,0,25,0|0,2,0,9,0|2,4,0,5,0|5,7,0,0,0|7,9,0,5,0|0,0,0,29,0|2,2,0,5,0|5,5,0,25,0|7,7,0,30,0|2,0,0,17,0|5,3,0,9,0|7,5,0,23,0|10,7,0,25,0|5,1,0,15,0|7,3,0,9,0|10,5,0,5,0|12,7,0,4,0|7,1,0,30,0|10,3,0,4,0|12,5,0,29,0|12,3,0,17,0|1,9,1,15,0|1,7,1,9,0|1,5,1,4,0|1,3,1,30,0|6,8,1,7,0|1,1,1,0,0|6,6,1,15,0|6,4,1,7,0|6,2,1,0,0|11,6,1,23,0|11,4,1,15,0|1,8,2,23,0|1,2,2,7,0|6,7,2,17,0|6,3,2,7,0|11,5,2,17,0
Expansion|EASY|0,10,0,34,1|0,8,0,30,0|2,10,0,2,0|0,6,0,32,0|2,8,0,30,0|0,4,0,4,0|2,6,0,18,0|5,9,0,2,0|0,2,0,18,0|2,4,0,13,0|5,7,0,34,2|7,9,0,13,0|0,0,0,0,0|2,2,0,6,0|5,5,0,4,0|7,7,0,6,0|2,0,0,32,0|5,3,0,4,0|7,5,0,4,0|10,7,0,21,0|5,1,0,34,3|7,3,0,21,0|10,5,0,32,0|12,7,0,14,0|7,1,0,0,0|10,3,0,32,0|12,5,0,14,0|12,3,0,0,0|1,9,1,30,0|1,7,1,0,0|1,5,1,13,0|1,3,1,21,0|6,8,1,21,0|1,1,1,30,0|6,6,1,14,0|6,4,1,14,0|6,2,1,34,0|11,6,1,2,0|11,4,1,13,0|1,8,2,18,0|1,2,2,2,0|6,7,2,6,0|6,3,2,18,0|11,5,2,6,0
Expansion|EASY|0,10,0,7,0|0,8,0,3,0|2,10,0,21,0|0,6,0,21,0|2,8,0,3,0|0,4,0,29,0|2,6,0,29,0|5,9,0,5,0|0,2,0,0,0|2,4,0,6,0|5,7,0,2,0|7,9,0,24,0|0,0,0,3,0|2,2,0,5,0|5,5,0,24,0|7,7,0,7,0|2,0,0,21,0|5,3,0,0,0|7,5,0,6,0|10,7,0,23,0|5,1,0,0,0|7,3,0,29,0|10,5,0,23,0|12,7,0,7,0|7,1,0,23,0|10,3,0,24,0|12,5,0,6,0|12,3,0,0,0|1,9,1,29,0|1,7,1,7,0|1,5,1,21,0|1,3,1,2,0|6,8,1,31,0|1,1,1,31,0|6,6,1,5,0|6,4,1,31,0|6,2,1,31,0|11,6,1,23,0|11,4,1,6,0|1,8,2,24,0|1,2,2,2,0|6,7,2,2,0|6,3,2,5,0|11,5,2,3,0
Expansion|EXPERT|0,10,0,1,0|0,8,0,2,0|2,10,0,13,0|0,6,0,11,0|2,8,0,17,0|0,4,0,18,0|2,6,0,2,0|5,9,0,24,0|0,2,0,19,0|2,4,0,24,0|5,7,0,5,0|7,9,0,24,0|0,0,0,33,3|2,2,0,1,0|5,5,0,19,0|7,7,0,10,0|2,0,0,10,0|5,3,0,18,0|7,5,0,11,0|10,7,0,11,0|5,1,0,18,0|7,3,0,10,0|10,5,0,24,0|12,7,0,17,0|7,1,0,19,0|10,3,0,10,0|12,5,0,18,0|12,3,0,5,0|1,9,1,13,0|1,7,1,2,0|1,5,1,1,0|1,3,1,11,0|6,8,1,17,0|1,1,1,33,0|6,6,1,1,0|6,4,1,19,0|6,2,1,33,1|11,6,1,17,0|11,4,1,33,2|1,8,2,5,0|1,2,2,2,0|6,7,2,5,0|6,3,2,13,0|11,5,2,13,0
Expansion|EXPERT|0,10,0,10,0|0,8,0,34,1|2,10,0,7,0|0,6,0,33,2|2,8,0,14,0|0,4,0,34,3|2,6,0,22,0|5,9,0,10,0|0,2,0,33,3|2,4,0,7,0|5,7,0,22,0|7,9,0,14,0|0,0,0,14,0|2,2,0,14,0|5,5,0,22,0|7,7,0,25,0|2,0,0,25,0|5,3,0,20,0|7,5,0,34,2|10,7,0,25,0|5,1,0,25,0|7,3,0,20,0|10,5,0,6,0|12,7,0,26,0|7,1,0,22,0|10,3,0,10,0|12,5,0,6,0|12,3,0,20,0|1,9,1,6,0|1,7,1,26,0|1,5,1,34,0|1,3,1,33,0|6,8,1,27,0|1,1,1,7,0|6,6,1,10,0|6,4,1,20,0|6,2,1,7,0|11,6,1,33,1|11,4,1,6,0|1,8,2,26,0|1,2,2,27,0|6,7,2,27,0|6,3,2,26,0|11,5,2,27,0
Expansion|EXPERT|0,10,0,19,0|0,8,0,2,0|2,10,0,1,0|0,6,0,11,0|2,8,0,10,0|0,4,0,10,0|2,6,0,1,0|5,9,0,31,0|0,2,0,6,0|2,4,0,6,0|5,7,0,5,0|7,9,0,11,0|0,0,0,15,0|2,2,0,31,0|5,5,0,5,0|7,7,0,10,0|2,0,0,11,0|5,3,0,15,0|7,5,0,6,0|10,7,0,11,0|5,1,0,19,0|7,3,0,8,0|10,5,0,1,0|12,7,0,19,0|7,1,0,31,0|10,3,0,7,0|12,5,0,6,0|12,3,0,7,0|1,9,1,5,0|1,7,1,2,0|1,5,1,19,0|1,3,1,8,0|6,8,1,8,0|1,1,1,15,0|6,6,1,10,0|6,4,1,31,0|6,2,1,5,0|11,6,1,15,0|11,4,1,8,0|1,8,2,7,0|1,2,2,2,0|6,7,2,1,0|6,3,2,7,0|11,5,2,2,0
Expansion|EXPERT|0,10,0,2,0|0,8,0,30,0|2,10,0,12,0|0,6,0,2,0|2,8,0,9,0|0,4,0,21,0|2,6,0,27,0|5,9,0,30,0|0,2,0,12,0|2,4,0,6,0|5,7,0,2,0|7,9,0,26,0|0,0,0,26,0|2,2,0,6,0|5,5,0,7,0|7,7,0,12,0|2,0,0,6,0|5,3,0,26,0|7,5,0,33,1|10,7,0,30,0|5,1,0,9,0|7,3,0,2,0|10,5,0,34,3|12,7,0,34,2|7,1,0,30,0|10,3,0,33,3|12,5,0,7,0|12,3,0,33,2|1,9,1,27,0|1,7,1,7,0|1,5,1,34,0|1,3,1,6,0|6,8,1,9,0|1,1,1,9,0|6,6,1,34,1|6,4,1,26,0|6,2,1,7,0|11,6,1,33,0|11,4,1,21,0|1,8,2,21,0|1,2,2,21,0|6,7,2,12,0|6,3,2,27,0|11,5,2,27,0
Expansion|EXPERT|0,10,0,27,0|0,8,0,4,0|2,10,0,0,0|0,6,0,22,0|2,8,0,21,0|0,4,0,4,0|2,6,0,34,2|5,9,0,23,0|0,2,0,4,0|2,4,0,34,3|5,7,0,23,0|7,9,0,4,0|0,0,0,25,0|2,2,0,15,0|5,5,0,34,1|7,7,0,21,0|2,0,0,15,0|5,3,0,2,0|7,5,0,22,0|10,7,0,23,0|5,1,0,25,0|7,3,0,15,0|10,5,0,21,0|12,7,0,0,0|7,1,0,23,0|10,3,0,21,0|12,5,0,25,0|12,3,0,15,0|1,9,1,20,0|1,7,1,34,0|1,5,1,20,0|1,3,1,25,0|6,8,1,0,0|1,1,1,20,0|6,6,1,27,0|6,4,1,0,0|6,2,1,27,0|11,6,1,27,0|11,4,1,22,0|1,8,2,20,0|1,2,2,22,0|6,7,2,2,0|6,3,2,2,0|11,5,2,2,0
Expansion|INTERMEDIATE|0,10,0,10,0|0,8,0,25,0|2,10,0,24,0|0,6,0,21,0|2,8,0,23,0|0,4,0,25,0|2,6,0,29,0|5,9,0,26,0|0,2,0,10,0|2,4,0,6,0|5,7,0,23,0|7,9,0,25,0|0,0,0,29,0|2,2,0,29,0|5,5,0,6,0|7,7,0,30,0|2,0,0,1,0|5,3,0,29,0|7,5,0,30,0|10,7,0,23,0|5,1,0,10,0|7,3,0,21,0|10,5,0,30,0|12,7,0,23,0|7,1,0,31,0|10,3,0,24,0|12,5,0,26,0|12,3,0,30,0|1,9,1,26,0|1,7,1,25,0|1,5,1,21,0|1,3,1,21,0|6,8,1,10,0|1,1,1,26,0|6,6,1,31,0|6,4,1,1,0|6,2,1,24,0|11,6,1,31,0|11,4,1,31,0|1,8,2,6,0|1,2,2,6,0|6,7,2,1,0|6,3,2,1,0|11,5,2,24,0
Expansion|INTERMEDIATE|0,10,0,12,0|0,8,0,25,0|2,10,0,8,0|0,6,0,5,0|2,8,0,0,0|0,4,0,0,0|2,6,0,25,0|5,9,0,6,0|0,2,0,20,0|2,4,0,12,0|5,7,0,5,0|7,9,0,20,0|0,0,0,12,0|2,2,0,18,0|5,5,0,18,0|7,7,0,18,0|2,0,0,1,0|5,3,0,8,0|7,5,0,5,0|10,7,0,8,0|5,1,0,20,0|7,3,0,5,0|10,5,0,31,0|12,7,0,14,0|7,1,0,14,0|10,3,0,0,0|12,5,0,12,0|12,3,0,18,0|1,9,1,1,0|1,7,1,8,0|1,5,1,14,0|1,3,1,31,0|6,8,1,6,0|1,1,1,20,0|6,6,1,0,0|6,4,1,25,0|6,2,1,14,0|11,6,1,25,0|11,4,1,1,0|1,8,2,6,0|1,2,2,31,0|6,7,2,31,0|6,3,2,6,0|11,5,2,1,0
Expansion|INTERMEDIATE|0,10,0,14,0|0,8,0,7,0|2,10,0,12,0|0,6,0,24,0|2,8,0,20,0|0,4,0,17,0|2,6,0,24,0|5,9,0,25,0|0,2,0,7,0|2,4,0,17,0|5,7,0,17,0|7,9,0,8,0|0,0,0,12,0|2,2,0,1,0|5,5,0,1,0|7,7,0,8,0|2,0,0,26,0|5,3,0,14,0|7,5,0,20,0|10,7,0,25,0|5,1,0,8,0|7,3,0,1,0|10,5,0,32,0|12,7,0,1,0|7,1,0,20,0|10,3,0,14,0|12,5,0,17,0|12,3,0,7,0|1,9,1,20,0|1,7,1,26,0|1,5,1,25,0|1,3,1,26,0|6,8,1,32,0|1,1,1,8,0|6,6,1,25,0|6,4,1,32,0|6,2,1,24,0|11,6,1,32,0|11,4,1,26,0|1,8,2,24,0|1,2,2,14,0|6,7,2,12,0|6,3,2,12,0|11,5,2,7,0
Expansion|INTERMEDIATE|0,10,0,30,0|0,8,0,13,0|2,10,0,0,0|0,6,0,1,0|2,8,0,2,0|0,4,0,2,0|2,6,0,17,0|5,9,0,0,0|0,2,0,17,0|2,4,0,2,0|5,7,0,0,0|7,9,0,5,0|0,0,0,30,0|2,2,0,1,0|5,5,0,13,0|7,7,0,1,0|2,0,0,17,0|5,3,0,26,0|7,5,0,31,0|10,7,0,4,0|5,1,0,10,0|7,3,0,26,0|10,5,0,31,0|12,7,0,31,0|7,1,0,26,0|10,3,0,10,0|12,5,0,1,0|12,3,0,13,0|1,9,1,5,0|1,7,1,13,0|1,5,1,0,0|1,3,1,2,0|6,8,1,10,0|1,1,1,30,0|6,6,1,10,0|6,4,1,31,0|6,2,1,5,0|11,6,1,17,0|11,4,1,26,0|1,8,2,5,0|1,2,2,4,0|6,7,2,30,0|6,3,2,4,0|11,5,2,4,0
Expansion|INTERMEDIATE|0,10,0,7,0|0,8,0,5,0|2,10,0,26,0|0,6,0,16,0|2,8,0,12,0|0,4,0,20,0|2,6,0,16,0|5,9,0,25,0|0,2,0,5,0|2,4,0,27,0|5,7,0,25,0|7,9,0,12,0|0,0,0,26,0|2,2,0,16,0|5,5,0,30,0|7,7,0,4,0|2,0,0,34,3|5,3,0,4,0|7,5,0,27,0|10,7,0,20,0|5,1,0,26,0|7,3,0,20,0|10,5,0,27,0|12,7,0,34,2|7,1,0,25,0|10,3,0,30,0|12,5,0,5,0|12,3,0,26,0|1,9,1,20,0|1,7,1,12,0|1,5,1,12,0|1,3,1,27,0|6,8,1,4,0|1,1,1,34,0|6,6,1,25,0|6,4,1,5,0|6,2,1,16,0|11,6,1,7,0|11,4,1,7,0|1,8,2,7,0|1,2,2,30,0|6,7,2,34,1|6,3,2,4,0|11,5,2,30,0
Expansion|SIMPLE|0,10,0,2,0|0,8,0,7,0|2,10,0,2,0|0,6,0,3,0|2,8,0,26,0|0,4,0,3,0|2,6,0,31,0|5,9,0,15,0|0,2,0,26,0|2,4,0,16,0|5,7,0,15,0|7,9,0,21,0|0,0,0,28,0|2,2,0,21,0|5,5,0,13,0|7,7,0,16,0|2,0,0,7,0|5,3,0,16,0|7,5,0,31,0|10,7,0,13,0|5,1,0,27,0|7,3,0,7,0|10,5,0,21,0|12,7,0,7,0|7,1,0,27,0|10,3,0,28,0|12,5,0,2,0|12,3,0,21,0|1,9,1,15,0|1,7,1,26,0|1,5,1,26,0|1,3,1,27,0|6,8,1,28,0|1,1,1,3,0|6,6,1,16,0|6,4,1,27,0|6,2,1,3,0|11,6,1,2,0|11,4,1,15,0|1,8,2,13,0|1,2,2,13,0|6,7,2,31,0|6,3,2,31,0|11,5,2,28,0
Expansion|SIMPLE|0,10,0,29,0|0,8,0,16,0|2,10,0,5,0|0,6,0,26,0|2,8,0,12,0|0,4,0,26,0|2,6,0,27,0|5,9,0,29,0|0,2,0,27,0|2,4,0,16,0|5,7,0,0,0|7,9,0,5,0|0,0,0,7,0|2,2,0,14,0|5,5,0,27,0|7,7,0,14,0|2,0,0,11,0|5,3,0,0,0|7,5,0,29,0|10,7,0,29,0|5,1,0,0,0|7,3,0,11,0|10,5,0,14,0|12,7,0,14,0|7,1,0,26,0|10,3,0,11,0|12,5,0,5,0|12,3,0,27,0|1,9,1,12,0|1,7,1,7,0|1,5,1,5,0|1,3,1,0,0|6,8,1,16,0|1,1,1,12,0|6,6,1,16,0|6,4,1,26,0|6,2,1,28,0|11,6,1,11,0|11,4,1,12,0|1,8,2,28,0|1,2,2,28,0|6,7,2,7,0|6,3,2,7,0|11,5,2,28,0
Expansion|SIMPLE|0,10,0,30,0|0,8,0,30,0|2,10,0,26,0|0,6,0,11,0|2,8,0,30,0|0,4,0,11,0|2,6,0,13,0|5,9,0,23,0|0,2,0,5,0|2,4,0,26,0|5,7,0,23,0|7,9,0,11,0|0,0,0,21,0|2,2,0,5,0|5,5,0,5,0|7,7,0,5,0|2,0,0,16,0|5,3,0,16,0|7,5,0,11,0|10,7,0,25,0|5,1,0,30,0|7,3,0,16,0|10,5,0,26,0|12,7,0,21,0|7,1,0,26,0|10,3,0,21,0|12,5,0,25,0|12,3,0,16,0|1,9,1,1,0|1,7,1,23,0|1,5,1,9,0|1,3,1,1,0|6,8,1,25,0|1,1,1,9,0|6,6,1,25,0|6,4,1,1,0|6,2,1,23,0|11,6,1,9,0|11,4,1,21,0|1,8,2,13,0|1,2,2,13,0|6,7,2,13,0|6,3,2,1,0|11,5,2,9,0
Expansion|SIMPLE|0,10,0,4,0|0,8,0,0,0|2,10,0,14,0|0,6,0,24,0|2,8,0,14,0|0,4,0,24,0|2,6,0,18,0|5,9,0,34,1|0,2,0,4,0|2,4,0,34,3|5,7,0,34,2|7,9,0,1,0|0,0,0,2,0|2,2,0,1,0|5,5,0,2,0|7,7,0,18,0|2,0,0,0,0|5,3,0,4,0|7,5,0,34,0|10,7,0,0,0|5,1,0,24,0|7,3,0,19,0|10,5,0,19,0|12,7,0,24,0|7,1,0,22,0|10,3,0,1,0|12,5,0,4,0|12,3,0,14,0|1,9,1,19,0|1,7,1,1,0|1,5,1,2,0|1,3,1,0,0|6,8,1,13,0|1,1,1,14,0|6,6,1,13,0|6,4,1,2,0|6,2,1,22,0|11,6,1,19,0|11,4,1,22,0|1,8,2,22,0|1,2,2,18,0|6,7,2,18,0|6,3,2,13,0|11,5,2,13,0
Expansion|SIMPLE|0,10,0,9,0|0,8,0,21,0|2,10,0,26,0|0,6,0,10,0|2,8,0,10,0|0,4,0,14,0|2,6,0,9,0|5,9,0,30,0|0,2,0,30,0|2,4,0,18,0|5,7,0,23,0|7,9,0,10,0|0,0,0,14,0|2,2,0,26,0|5,5,0,19,0|7,7,0,8,0|2,0,0,18,0|5,3,0,23,0|7,5,0,7,0|10,7,0,19,0|5,1,0,30,0|7,3,0,8,0|10,5,0,8,0|12,7,0,14,0|7,1,0,9,0|10,3,0,7,0|12,5,0,19,0|12,3,0,10,0|1,9,1,23,0|1,7,1,26,0|1,5,1,14,0|1,3,1,30,0|6,8,1,18,0|1,1,1,23,0|6,6,1,19,0|6,4,1,26,0|6,2,1,18,0|11,6,1,8,0|11,4,1,21,0|1,8,2,7,0|1,2,2,21,0|6,7,2,21,0|6,3,2,7,0|11,5,2,9,0
Gridlock|EASY|3,10,0,1,0|1,7,0,4,0|3,8,0,18,0|3,6,0,1,0|7,10,0,20,0|1,3,0,27,0|5,7,0,17,0|3,4,0,6,0|7,8,0,27,0|3,2,0,10,0|7,6,0,27,0|5,3,0,10,0|9,7,0,11,0|3,0,0,12,0|7,4,0,4,0|7,2,0,18,0|9,3,0,6,0|7,0,0,27,0|3,9,1,1,0|1,7,1,10,0|3,7,1,3,0|3,5,1,11,0|7,9,1,10,0|1,3,1,17,0|5,7,1,6,0|3,3,1,11,0|7,7,1,20,0|3,1,1,4,0|7,5,1,18,0|5,3,1,11,0|9,7,1,4,0|7,3,1,18,0|7,1,1,20,0|9,3,1,3,0|3,8,2,3,0|3,6,2,20,0|1,3,2,6,0|3,4,2,17,0|7,8,2,12,0|3,2,2,12,0|7,6,2,3,0|9,7,2,12,0|7,4,2,1,0|7,2,2,17,0
Gridlock|EASY|3,10,0,11,0|1,7,0,1,0|3,8,0,34,2|3,6,0,25,0|7,10,0,19,0|1,3,0,25,0|5,7,0,26,0|3,4,0,1,0|7,8,0,34,3|3,2,0,13,0|7,6,0,16,0|5,3,0,12,0|9,7,0,16,0|3,0,0,12,0|7,4,0,16,0|7,2,0,11,0|9,3,0,1,0|7,0,0,11,0|3,9,1,8,0|1,7,1,8,0|3,7,1,8,0|3,5,1,16,0|7,9,1,8,0|1,3,1,31,0|5,7,1,31,0|3,3,1,26,0|7,7,1,11,0|3,1,1,26,0|7,5,1,1,0|5,3,1,34,1|9,7,1,19,0|7,3,1,31,0|7,1,1,13,0|9,3,1,13,0|3,8,2,13,0|3,6,2,19,0|1,3,2,12,0|3,4,2,25,0|7,8,2,31,0|3,2,2,12,0|7,6,2,34,0|9,7,2,19,0|7,4,2,25,0|7,2,2,26,0
Gridlock|EASY|3,10,0,11,0|1,7,0,12,0|3,8,0,12,0|3,6,0,12,0|7,10,0,12,0|1,3,0,25,0|5,7,0,31,0|3,4,0,19,0|7,8,0,11,0|3,2,0,25,0|7,6,0,16,0|5,3,0,14,0|9,7,0,19,0|3,0,0,19,0|7,4,0,14,0|7,2,0,14,0|9,3,0,14,0|7,0,0,11,0|3,9,1,16,0|1,7,1,26,0|3,7,1,19,0|3,5,1,25,0|7,9,1,31,0|1,3,1,20,0|5,7,1,26,0|3,3,1,31,0|7,7,1,16,0|3,1,1,31,0|7,5,1,11,0|5,3,1,6,0|9,7,1,20,0|7,3,1,16,0|7,1,1,25,0|9,3,1,34,0|3,8,2,6,0|3,6,2,20,0|1,3,2,34,1|3,4,2,26,0|7,8,2,26,0|3,2,2,34,2|7,6,2,34,3|9,7,2,6,0|7,4,2,6,0|7,2,2,20,0
Gridlock|EASY|3,10,0,14,0|1,7,0,18,0|3,8,0,18,0|3,6,0,30,0|7,10,0,20,0|1,3,0,0,0|5,7,0,11,0|3,4,0,30,0|7,8,0,18,0|3,2,0,18,0|7,6,0,11,0|5,3,0,9,0|9,7,0,4,0|3,0,0,5,0|7,4,0,4,0|7,2,0,32,0|9,3,0,14,0|7,0,0,0,0|3,9,1,0,0|1,7,1,14,0|3,7,1,9,0|3,5,1,9,0|7,9,1,9,0|1,3,1,32,0|5,7,1,5,0|3,3,1,11,0|7,7,1,21,0|3,1,1,0,0|7,5,1,4,0|5,3,1,14,0|9,7,1,21,0|7,3,1,21,0|7,1,1,21,0|9,3,1,20,0|3,8,2,20,0|3,6,2,4,0|1,3,2,20,0|3,4,2,32,0|7,8,2,5,0|3,2,2,11,0|7,6,2,30,0|9,7,2,32,0|7,4,2,5,0|7,2,2,30,0
Gridlock|EASY|3,10,0,14,0|1,7,0,22,0|3,8,0,3,0|3,6,0,23,0|7,10,0,34,3|1,3,0,22,0|5,7,0,18,0|3,4,0,23,0|7,8,0,22,0|3,2,0,23,0|7,6,0,9,0|5,3,0,34,2|9,7,0,8,0|3,0,0,23,0|7,4,0,5,0|7,2,0,14,0|9,3,0,34,0|7,0,0,18,0|3,9,1,2,0|1,7,1,5,0|3,7,1,9,0|3,5,1,3,0|7,9,1,34,1|1,3,1,14,0|5,7,1,33,1|3,3,1,2,0|7,7,1,5,0|3,1,1,2,0|7,5,1,3,0|5,3,1,14,0|9,7,1,8,0|7,3,1,22,0|7,1,1,5,0|9,3,1,9,0|3,8,2,18,0|3,6,2,8,0|1,3,2,2,0|3,4,2,3,0|7,8,2,33,0|3,2,2,33,3|7,6,2,33,2|9,7,2,9,0|7,4,2,8,0|7,2,2,18,0
Gridlock|EXPERT|3,10,0,0,0|1,7,0,0,0|3,8,0,1,0|3,6,0,1,0|7,10,0,9,0|1,3,0,23,0|5,7,0,4,0|3,4,0,9,0|7,8,0,0,0|3,2,0,34,3|7,6,0,23,0|5,3,0,34,1|9,7,0,34,2|3,0,0,23,0|7,4,0,26,0|7,2,0,23,0|9,3,0,6,0|7,0,0,6,0|3,9,1,26,0|1,7,1,4,0|3,7,1,9,0|3,5,1,14,0|7,9,1,0,0|1,3,1,14,0|5,7,1,14,0|3,3,1,15,0|7,7,1,3,0|3,1,1,1,0|7,5,1,9,0|5,3,1,4,0|9,7,1,15,0|7,3,1,26,0|7,1,1,3,0|9,3,1,6,0|3,8,2,3,0|3,6,2,15,0|1,3,2,4,0|3,4,2,15,0|7,8,2,1,0|3,2,2,26,0|7,6,2,6,0|9,7,2,3,0|7,4,2,34,0|7,2,2,14,0
Gridlock|EXPERT|3,10,0,0,0|1,7,0,14,0|3,8,0,20,0|3,6,0,20,0|7,10,0,21,0|1,3,0,21,0|5,7,0,26,0|3,4,0,19,0|7,8,0,20,0|3,2,0,4,0|7,6,0,4,0|5,3,0,21,0|9,7,0,4,0|3,0,0,9,0|7,4,0,16,0|7,2,0,14,0|9,3,0,4,0|7,0,0,5,0|3,9,1,20,0|1,7,1,11,0|3,7,1,0,0|3,5,1,5,0|7,9,1,9,0|1,3,1,11,0|5,7,1,19,0|3,3,1,21,0|7,7,1,11,0|3,1,1,0,0|7,5,1,14,0|5,3,1,9,0|9,7,1,16,0|7,3,1,16,0|7,1,1,9,0|9,3,1,16,0|3,8,2,19,0|3,6,2,5,0|1,3,2,0,0|3,4,2,19,0|7,8,2,5,0|3,2,2,26,0|7,6,2,14,0|9,7,2,26,0|7,4,2,11,0|7,2,2,26,0
Gridlock|EXPERT|3,10,0,10,0|1,7,0,11,0|3,8,0,1,0|3,6,0,13,0|7,10,0,17,0|1,3,0,25,0|5,7,0,16,0|3,4,0,1,0|7,8,0,11,0|3,2,0,10,0|7,6,0,2,0|5,3,0,19,0|9,7,0,22,0|3,0,0,16,0|7,4,0,2,0|7,2,0,2,0|9,3,0,32,0|7,0,0,32,0|3,9,1,16,0|1,7,1,1,0|3,7,1,17,0|3,5,1,13,0|7,9,1,25,0|1,3,1,25,0|5,7,1,16,0|3,3,1,13,0|7,7,1,13,0|3,1,1,19,0|7,5,1,2,0|5,3,1,11,0|9,7,1,1,0|7,3,1,22,0|7,1,1,19,0|9,3,1,22,0|3,8,2,32,0|3,6,2,25,0|1,3,2,17,0|3,4,2,32,0|7,8,2,10,0|3,2,2,10,0|7,6,2,11,0|9,7,2,19,0|7,4,2,17,0|7,2,2,22,0
Gridlock|EXPERT|3,10,0,10,0|1,7,0,31,0|3,8,0,22,0|3,6,0,31,0|7,10,0,20,0|1,3,0,19,0|5,7,0,22,0|3,4,0,8,0|7,8,0,15,0|3,2,0,31,0|7,6,0,8,0|5,3,0,23,0|9,7,0,31,0|3,0,0,8,0|7,4,0,16,0|7,2,0,16,0|9,3,0,24,0|7,0,0,10,0|3,9,1,20,0|1,7,1,15,0|3,7,1,26,0|3,5,1,23,0|7,9,1,24,0|1,3,1,15,0|5,7,1,24,0|3,3,1,10,0|7,7,1,16,0|3,1,1,19,0|7,5,1,22,0|5,3,1,24,0|9,7,1,15,0|7,3,1,19,0|7,1,1,23,0|9,3,1,26,0|3,8,2,16,0|3,6,2,19,0|1,3,2,20,0|3,4,2,10,0|7,8,2,26,0|3,2,2,22,0|7,6,2,20,0|9,7,2,26,0|7,4,2,23,0|7,2,2,8,0
Gridlock|EXPERT|3,10,0,10,0|1,7,0,5,0|3,8,0,34,1|3,6,0,34,3|7,10,0,27,0|1,3,0,8,0|5,7,0,9,0|3,4,0,34,2|7,8,0,27,0|3,2,0,9,0|7,6,0,7,0|5,3,0,20,0|9,7,0,5,0|3,0,0,20,0|7,4,0,7,0|7,2,0,27,0|9,3,0,10,0|7,0,0,16,0|3,9,1,8,0|1,7,1,10,0|3,7,1,28,0|3,5,1,8,0|7,9,1,34,0|1,3,1,20,0|5,7,1,28,0|3,3,1,15,0|7,7,1,16,0|3,1,1,5,0|7,5,1,16,0|5,3,1,15,0|9,7,1,8,0|7,3,1,16,0|7,1,1,7,0|9,3,1,9,0|3,8,2,28,0|3,6,2,5,0|1,3,2,15,0|3,4,2,9,0|7,8,2,28,0|3,2,2,15,0|7,6,2,27,0|9,7,2,20,0|7,4,2,7,0|7,2,2,10,0
Gridlock|INTERMEDIATE|3,10,0,0,0|1,7,0,12,0|3,8,0,34,3|3,6,0,7,0|7,10,0,10,0|1,3,0,12,0|5,7,0,29,0|3,4,0,10,0|7,8,0,24,0|3,2,0,24,0|7,6,0,28,0|5,3,0,11,0|9,7,0,10,0|3,0,0,0,0|7,4,0,29,0|7,2,0,29,0|9,3,0,7,0|7,0,0,11,0|3,9,1,7,0|1,7,1,7,0|3,7,1,18,0|3,5,1,4,0|7,9,1,12,0|1,3,1,28,0|5,7,1,24,0|3,3,1,0,0|7,7,1,11,0|3,1,1,4,0|7,5,1,10,0|5,3,1,18,0|9,7,1,4,0|7,3,1,34,2|7,1,1,34,1|9,3,1,29,0|3,8,2,34,0|3,6,2,4,0|1,3,2,18,0|3,4,2,18,0|7,8,2,28,0|3,2,2,28,0|7,6,2,11,0|9,7,2,12,0|7,4,2,0,0|7,2,2,24,0
Gridlock|INTERMEDIATE|3,10,0,0,0|1,7,0,2,0|3,8,0,2,0|3,6,0,29,0|7,10,0,20,0|1,3,0,24,0|5,7,0,2,0|3,4,0,0,0|7,8,0,24,0|3,2,0,29,0|7,6,0,18,0|5,3,0,21,0|9,7,0,14,0|3,0,0,18,0|7,4,0,18,0|7,2,0,2,0|9,3,0,27,0|7,0,0,21,0|3,9,1,14,0|1,7,1,6,0|3,7,1,29,0|3,5,1,24,0|7,9,1,9,0|1,3,1,29,0|5,7,1,9,0|3,3,1,24,0|7,7,1,20,0|3,1,1,6,0|7,5,1,0,0|5,3,1,6,0|9,7,1,27,0|7,3,1,9,0|7,1,1,18,0|9,3,1,14,0|3,8,2,20,0|3,6,2,0,0|1,3,2,21,0|3,4,2,6,0|7,8,2,14,0|3,2,2,20,0|7,6,2,27,0|9,7,2,27,0|7,4,2,9,0|7,2,2,21,0
Gridlock|INTERMEDIATE|3,10,0,1,0|1,7,0,27,0|3,8,0,31,0|3,6,0,11,0|7,10,0,10,0|1,3,0,6,0|5,7,0,27,0|3,4,0,25,0|7,8,0,6,0|3,2,0,25,0|7,6,0,27,0|5,3,0,18,0|9,7,0,13,0|3,0,0,6,0|7,4,0,11,0|7,2,0,11,0|9,3,0,31,0|7,0,0,0,0|3,9,1,1,0|1,7,1,0,0|3,7,1,7,0|3,5,1,6,0|7,9,1,11,0|1,3,1,10,0|5,7,1,7,0|3,3,1,31,0|7,7,1,0,0|3,1,1,13,0|7,5,1,10,0|5,3,1,0,0|9,7,1,10,0|7,3,1,27,0|7,1,1,13,0|9,3,1,7,0|3,8,2,7,0|3,6,2,18,0|1,3,2,18,0|3,4,2,13,0|7,8,2,25,0|3,2,2,1,0|7,6,2,25,0|9,7,2,18,0|7,4,2,31,0|7,2,2,1,0
Gridlock|INTERMEDIATE|3,10,0,11,0|1,7,0,17,0|3,8,0,16,0|3,6,0,20,0|7,10,0,20,0|1,3,0,17,0|5,7,0,11,0|3,4,0,16,0|7,8,0,16,0|3,2,0,20,0|7,6,0,9,0|5,3,0,17,0|9,7,0,13,0|3,0,0,4,0|7,4,0,4,0|7,2,0,27,0|9,3,0,13,0|7,0,0,9,0|3,9,1,21,0|1,7,1,11,0|3,7,1,18,0|3,5,1,18,0|7,9,1,34,2|1,3,1,16,0|5,7,1,13,0|3,3,1,21,0|7,7,1,27,0|3,1,1,18,0|7,5,1,27,0|5,3,1,11,0|9,7,1,9,0|7,3,1,21,0|7,1,1,27,0|9,3,1,4,0|3,8,2,20,0|3,6,2,9,0|1,3,2,34,3|3,4,2,18,0|7,8,2,34,1|3,2,2,21,0|7,6,2,17,0|9,7,2,4,0|7,4,2,13,0|7,2,2,34,0
Gridlock|INTERMEDIATE|3,10,0,13,0|1,7,0,3,0|3,8,0,13,0|3,6,0,21,0|7,10,0,17,0|1,3,0,5,0|5,7,0,22,0|3,4,0,21,0|7,8,0,31,0|3,2,0,3,0|7,6,0,31,0|5,3,0,21,0|9,7,0,17,0|3,0,0,9,0|7,4,0,10,0|7,2,0,13,0|9,3,0,31,0|7,0,0,18,0|3,9,1,22,0|1,7,1,5,0|3,7,1,10,0|3,5,1,13,0|7,9,1,17,0|1,3,1,3,0|5,7,1,5,0|3,3,1,21,0|7,7,1,18,0|3,1,1,9,0|7,5,1,10,0|5,3,1,11,0|9,7,1,3,0|7,3,1,31,0|7,1,1,18,0|9,3,1,11,0|3,8,2,10,0|3,6,2,5,0|1,3,2,9,0|3,4,2,9,0|7,8,2,22,0|3,2,2,11,0|7,6,2,11,0|9,7,2,18,0|7,4,2,17,0|7,2,2,22,0
Gridlock|SIMPLE|3,10,0,0,0|1,7,0,25,0|3,8,0,31,0|3,6,0,21,0|7,10,0,15,0|1,3,0,31,0|5,7,0,13,0|3,4,0,18,0|7,8,0,15,0|3,2,0,26,0|7,6,0,8,0|5,3,0,26,0|9,7,0,15,0|3,0,0,31,0|7,4,0,21,0|7,2,0,25,0|9,3,0,18,0|7,0,0,31,0|3,9,1,11,0|1,7,1,18,0|3,7,1,25,0|3,5,1,26,0|7,9,1,8,0|1,3,1,0,0|5,7,1,4,0|3,3,1,11,0|7,7,1,18,0|3,1,1,0,0|7,5,1,15,0|5,3,1,13,0|9,7,1,8,0|7,3,1,25,0|7,1,1,13,0|9,3,1,26,0|3,8,2,11,0|3,6,2,0,0|1,3,2,4,0|3,4,2,21,0|7,8,2,4,0|3,2,2,13,0|7,6,2,8,0|9,7,2,21,0|7,4,2,4,0|7,2,2,11,0
Gridlock|SIMPLE|3,10,0,0,0|1,7,0,7,0|3,8,0,26,0|3,6,0,0,0|7,10,0,24,0|1,3,0,7,0|5,7,0,6,0|3,4,0,32,0|7,8,0,8,0|3,2,0,32,0|7,6,0,32,0|5,3,0,8,0|9,7,0,32,0|3,0,0,31,0|7,4,0,26,0|7,2,0,15,0|9,3,0,26,0|7,0,0,15,0|3,9,1,31,0|1,7,1,8,0|3,7,1,15,0|3,5,1,8,0|7,9,1,31,0|1,3,1,33,1|5,7,1,6,0|3,3,1,0,0|7,7,1,0,0|3,1,1,7,0|7,5,1,31,0|5,3,1,1,0|9,7,1,33,2|7,3,1,24,0|7,1,1,24,0|9,3,1,6,0|3,8,2,7,0|3,6,2,1,0|1,3,2,24,0|3,4,2,1,0|7,8,2,6,0|3,2,2,1,0|7,6,2,33,0|9,7,2,26,0|7,4,2,15,0|7,2,2,33,3
Gridlock|SIMPLE|3,10,0,10,0|1,7,0,19,0|3,8,0,4,0|3,6,0,24,0|7,10,0,24,0|1,3,0,28,0|5,7,0,11,0|3,4,0,28,0|7,8,0,28,0|3,2,0,31,0|7,6,0,24,0|5,3,0,10,0|9,7,0,11,0|3,0,0,19,0|7,4,0,28,0|7,2,0,33,2|9,3,0,30,0|7,0,0,3,0|3,9,1,4,0|1,7,1,10,0|3,7,1,11,0|3,5,1,24,0|7,9,1,33,1|1,3,1,11,0|5,7,1,3,0|3,3,1,33,3|7,7,1,30,0|3,1,1,10,0|7,5,1,31,0|5,3,1,19,0|9,7,1,4,0|7,3,1,3,0|7,1,1,19,0|9,3,1,21,0|3,8,2,3,0|3,6,2,30,0|1,3,2,31,0|3,4,2,33,0|7,8,2,21,0|3,2,2,21,0|7,6,2,4,0|9,7,2,31,0|7,4,2,21,0|7,2,2,30,0
Gridlock|SIMPLE|3,10,0,11,0|1,7,0,18,0|3,8,0,2,0|3,6,0,11,0|7,10,0,24,0|1,3,0,14,0|5,7,0,31,0|3,4,0,14,0|7,8,0,8,0|3,2,0,23,0|7,6,0,8,0|5,3,0,20,0|9,7,0,2,0|3,0,0,31,0|7,4,0,24,0|7,2,0,8,0|9,3,0,18,0|7,0,0,20,0|3,9,1,23,0|1,7,1,23,0|3,7,1,14,0|3,5,1,12,0|7,9,1,13,0|1,3,1,14,0|5,7,1,11,0|3,3,1,12,0|7,7,1,2,0|3,1,1,13,0|7,5,1,13,0|5,3,1,31,0|9,7,1,12,0|7,3,1,31,0|7,1,1,18,0|9,3,1,12,0|3,8,2,11,0|3,6,2,24,0|1,3,2,20,0|3,4,2,24,0|7,8,2,2,0|3,2,2,23,0|7,6,2,8,0|9,7,2,13,0|7,4,2,18,0|7,2,2,20,0
Gridlock|SIMPLE|3,10,0,12,0|1,7,0,21,0|3,8,0,24,0|3,6,0,22,0|7,10,0,13,0|1,3,0,26,0|5,7,0,22,0|3,4,0,22,0|7,8,0,27,0|3,2,0,20,0|7,6,0,27,0|5,3,0,6,0|9,7,0,13,0|3,0,0,26,0|7,4,0,6,0|7,2,0,20,0|9,3,0,6,0|7,0,0,20,0|3,9,1,12,0|1,7,1,16,0|3,7,1,21,0|3,5,1,22,0|7,9,1,16,0|1,3,1,21,0|5,7,1,13,0|3,3,1,24,0|7,7,1,13,0|3,1,1,0,0|7,5,1,26,0|5,3,1,27,0|9,7,1,27,0|7,3,1,21,0|7,1,1,24,0|9,3,1,20,0|3,8,2,16,0|3,6,2,0,0|1,3,2,12,0|3,4,2,26,0|7,8,2,0,0|3,2,2,0,0|7,6,2,12,0|9,7,2,24,0|7,4,2,6,0|7,2,2,16,0
Rings|EASY|0,8,0,10,0|2,10,0,14,0|0,6,0,28,0|4,10,0,12,0|0,4,0,29,0|2,6,0,26,0|4,8,0,6,0|6,10,0,30,0|0,2,0,21,0|2,4,0,5,0|6,8,0,24,0|8,10,0,28,0|5,6,0,7,0|5,4,0,30,0|2,0,0,32,0|4,2,0,25,0|8,6,0,6,0|10,8,0,7,0|4,0,0,5,0|6,2,0,7,0|8,4,0,5,0|10,6,0,25,0|6,0,0,1,0|10,4,0,12,0|8,0,0,25,0|10,2,0,1,0|0,8,1,32,0|2,10,1,29,0|0,6,1,4,0|4,10,1,21,0|0,4,1,1,0|2,6,1,24,0|4,8,1,10,0|6,10,1,21,0|0,2,1,32,0|2,4,1,12,0|6,8,1,26,0|8,10,1,1,0|5,6,1,6,0|5,4,1,7,0|2,0,1,5,0|4,2,1,15,0|8,6,1,26,0|10,8,1,30,0|4,0,1,24,0|6,2,1,25,0|8,4,1,4,0|10,6,1,32,0|6,0,1,12,0|10,4,1,10,0|8,0,1,29,0|10,2,1,14,0|0,8,2,4,0|2,10,2,26,0|0,6,2,24,0|4,10,2,30,0|0,4,2,28,0|6,10,2,14,0|0,2,2,6,0|8,10,2,4,0|2,0,2,15,0|10,8,2,29,0|4,0,2,15,0|10,6,2,28,0|6,0,2,14,0|10,4,2,15,0|8,0,2,10,0|10,2,2,21,0
Rings|EASY|0,8,0,17,0|2,10,0,14,0|0,6,0,22,0|4,10,0,15,0|0,4,0,26,0|2,6,0,23,0|4,8,0,15,0|6,10,0,16,0|0,2,0,14,0|2,4,0,22,0|6,8,0,17,0|8,10,0,0,0|5,6,0,31,0|5,4,0,28,0|2,0,0,31,0|4,2,0,23,0|8,6,0,14,0|10,8,0,26,0|4,0,0,28,0|6,2,0,8,0|8,4,0,21,0|10,6,0,26,0|6,0,0,21,0|10,4,0,22,0|8,0,0,19,0|10,2,0,34,2|0,8,1,25,0|2,10,1,19,0|0,6,1,1,0|4,10,1,8,0|0,4,1,21,0|2,6,1,0,0|4,8,1,8,0|6,10,1,17,0|0,2,1,15,0|2,4,1,34,0|6,8,1,16,0|8,10,1,15,0|5,6,1,17,0|5,4,1,19,0|2,0,1,28,0|4,2,1,22,0|8,6,1,34,3|10,8,1,25,0|4,0,1,1,0|6,2,1,2,0|8,4,1,25,0|10,6,1,14,0|6,0,1,1,0|10,4,1,26,0|8,0,1,31,0|10,2,1,2,0|0,8,2,31,0|2,10,2,23,0|0,6,2,16,0|4,10,2,19,0|0,4,2,21,0|6,10,2,0,0|0,2,2,25,0|8,10,2,1,0|2,0,2,23,0|10,8,2,2,0|4,0,2,16,0|10,6,2,2,0|6,0,2,0,0|10,4,2,28,0|8,0,2,34,1|10,2,2,8,0
Rings|EASY|0,8,0,26,0|2,10,0,8,0|0,6,0,20,0|4,10,0,17,0|0,4,0,34,2|2,6,0,1,0|4,8,0,11,0|6,10,0,20,0|0,2,0,11,0|2,4,0,4,0|6,8,0,4,0|8,10,0,24,0|5,6,0,34,3|5,4,0,13,0|2,0,0,27,0|4,2,0,19,0|8,6,0,19,0|10,8,0,4,0|4,0,0,13,0|6,2,0,27,0|8,4,0,13,0|10,6,0,20,0|6,0,0,13,0|10,4,0,11,0|8,0,0,25,0|10,2,0,34,1|0,8,1,25,0|2,10,1,8,0|0,6,1,34,0|4,10,1,10,0|0,4,1,21,0|2,6,1,26,0|4,8,1,8,0|6,10,1,20,0|0,2,1,1,0|2,4,1,27,0|6,8,1,15,0|8,10,1,19,0|5,6,1,26,0|5,4,1,11,0|2,0,1,24,0|4,2,1,2,0|8,6,1,8,0|10,8,1,1,0|4,0,1,17,0|6,2,1,15,0|8,4,1,17,0|10,6,1,25,0|6,0,1,15,0|10,4,1,19,0|8,0,1,2,0|10,2,1,21,0|0,8,2,1,0|2,10,2,24,0|0,6,2,15,0|4,10,2,21,0|0,4,2,27,0|6,10,2,2,0|0,2,2,21,0|8,10,2,2,0|2,0,2,4,0|10,8,2,26,0|4,0,2,10,0|10,6,2,25,0|6,0,2,24,0|10,4,2,17,0|8,0,2,10,0|10,2,2,10,0
Rings|EASY|0,8,0,28,0|2,10,0,8,0|0,6,0,15,0|4,10,0,19,0|0,4,0,16,0|2,6,0,28,0|4,8,0,19,0|6,10,0,33,2|0,2,0,25,0|2,4,0,29,0|6,8,0,8,0|8,10,0,1,0|5,6,0,8,0|5,4,0,8,0|2,0,0,6,0|4,2,0,33,3|8,6,0,15,0|10,8,0,19,0|4,0,0,3,0|6,2,0,19,0|8,4,0,3,0|10,6,0,5,0|6,0,0,1,0|10,4,0,9,0|8,0,0,29,0|10,2,0,16,0|0,8,1,4,0|2,10,1,9,0|0,6,1,3,0|4,10,1,3,0|0,4,1,33,0|2,6,1,25,0|4,8,1,4,0|6,10,1,9,0|0,2,1,10,0|2,4,1,33,1|6,8,1,1,0|8,10,1,32,0|5,6,1,13,0|5,4,1,6,0|2,0,1,13,0|4,2,1,5,0|8,6,1,10,0|10,8,1,29,0|4,0,1,1,0|6,2,1,15,0|8,4,1,9,0|10,6,1,16,0|6,0,1,6,0|10,4,1,4,0|8,0,1,5,0|10,2,1,32,0|0,8,2,28,0|2,10,2,32,0|0,6,2,6,0|4,10,2,29,0|0,4,2,13,0|6,10,2,10,0|0,2,2,25,0|8,10,2,10,0|2,0,2,25,0|10,8,2,5,0|4,0,2,16,0|10,6,2,32,0|6,0,2,4,0|10,4,2,15,0|8,0,2,13,0|10,2,2,28,0
Rings|EASY|0,8,0,33,2|2,10,0,4,0|0,6,0,22,0|4,10,0,21,0|0,4,0,33,3|2,6,0,18,0|4,8,0,16,0|6,10,0,24,0|0,2,0,21,0|2,4,0,34,1|6,8,0,16,0|8,10,0,8,0|5,6,0,11,0|5,4,0,34,2|2,0,0,7,0|4,2,0,34,3|8,6,0,5,0|10,8,0,5,0|4,0,0,13,0|6,2,0,5,0|8,4,0,24,0|10,6,0,22,0|6,0,0,24,0|10,4,0,31,0|8,0,0,28,0|10,2,0,28,0|0,8,1,22,0|2,10,1,7,0|0,6,1,11,0|4,10,1,10,0|0,4,1,18,0|2,6,1,13,0|4,8,1,8,0|6,10,1,7,0|0,2,1,18,0|2,4,1,21,0|6,8,1,16,0|8,10,1,33,1|5,6,1,22,0|5,4,1,31,0|2,0,1,21,0|4,2,1,7,0|8,6,1,10,0|10,8,1,11,0|4,0,1,16,0|6,2,1,4,0|8,4,1,15,0|10,6,1,13,0|6,0,1,28,0|10,4,1,5,0|8,0,1,8,0|10,2,1,24,0|0,8,2,18,0|2,10,2,10,0|0,6,2,11,0|4,10,2,15,0|0,4,2,34,0|6,10,2,31,0|0,2,2,15,0|8,10,2,31,0|2,0,2,10,0|10,8,2,13,0|4,0,2,28,0|10,6,2,8,0|6,0,2,33,0|10,4,2,15,0|8,0,2,4,0|10,2,2,4,0
Rings|EXPERT|0,8,0,1,0|2,10,0,17,0|0,6,0,14,0|4,10,0,30,0|0,4,0,12,0|2,6,0,27,0|4,8,0,16,0|6,10,0,6,0|0,2,0,6,0|2,4,0,33,0|6,8,0,11,0|8,10,0,13,0|5,6,0,17,0|5,4,0,6,0|2,0,0,1,0|4,2,0,27,0|8,6,0,12,0|10,8,0,1,0|4,0,0,12,0|6,2,0,33,3|8,4,0,3,0|10,6,0,27,0|6,0,0,20,0|10,4,0,16,0|8,0,0,11,0|10,2,0,14,0|0,8,1,27,0|2,10,1,13,0|0,6,1,17,0|4,10,1,15,0|0,4,1,11,0|2,6,1,20,0|4,8,1,16,0|6,10,1,29,0|0,2,1,18,0|2,4,1,3,0|6,8,1,33,1|8,10,1,20,0|5,6,1,29,0|5,4,1,11,0|2,0,1,15,0|4,2,1,1,0|8,6,1,23,0|10,8,1,30,0|4,0,1,17,0|6,2,1,30,0|8,4,1,3,0|10,6,1,29,0|6,0,1,13,0|10,4,1,29,0|8,0,1,33,2|10,2,1,14,0|0,8,2,14,0|2,10,2,18,0|0,6,2,20,0|4,10,2,23,0|0,4,2,6,0|6,10,2,12,0|0,2,2,13,0|8,10,2,23,0|2,0,2,18,0|10,8,2,15,0|4,0,2,30,0|10,6,2,16,0|6,0,2,15,0|10,4,2,23,0|8,0,2,18,0|10,2,2,3,0
Rings|EXPERT|0,8,0,11,0|2,10,0,2,0|0,6,0,14,0|4,10,0,17,0|0,4,0,0,0|2,6,0,25,0|4,8,0,24,0|6,10,0,2,0|0,2,0,12,0|2,4,0,16,0|6,8,0,22,0|8,10,0,0,0|5,6,0,19,0|5,4,0,8,0|2,0,0,19,0|4,2,0,8,0|8,6,0,33,1|10,8,0,31,0|4,0,0,17,0|6,2,0,22,0|8,4,0,13,0|10,6,0,27,0|6,0,0,31,0|10,4,0,27,0|8,0,0,16,0|10,2,0,14,0|0,8,1,11,0|2,10,1,12,0|0,6,1,13,0|4,10,1,22,0|0,4,1,24,0|2,6,1,7,0|4,8,1,25,0|6,10,1,13,0|0,2,1,0,0|2,4,1,12,0|6,8,1,17,0|8,10,1,31,0|5,6,1,14,0|5,4,1,12,0|2,0,1,24,0|4,2,1,2,0|8,6,1,16,0|10,8,1,33,2|4,0,1,8,0|6,2,1,14,0|8,4,1,25,0|10,6,1,24,0|6,0,1,13,0|10,4,1,7,0|8,0,1,31,0|10,2,1,33,3|0,8,2,22,0|2,10,2,19,0|0,6,2,7,0|4,10,2,19,0|0,4,2,8,0|6,10,2,27,0|0,2,2,17,0|8,10,2,25,0|2,0,2,0,0|10,8,2,11,0|4,0,2,33,0|10,6,2,7,0|6,0,2,27,0|10,4,2,16,0|8,0,2,2,0|10,2,2,11,0
Rings|EXPERT|0,8,0,20,0|2,10,0,14,0|0,6,0,30,0|4,10,0,6,0|0,4,0,7,0|2,6,0,9,0|4,8,0,25,0|6,10,0,19,0|0,2,0,25,0|2,4,0,18,0|6,8,0,21,0|8,10,0,6,0|5,6,0,20,0|5,4,0,9,0|2,0,0,22,0|4,2,0,26,0|8,6,0,26,0|10,8,0,22,0|4,0,0,13,0|6,2,0,9,0|8,4,0,13,0|10,6,0,31,0|6,0,0,31,0|10,4,0,5,0|8,0,0,26,0|10,2,0,19,0|0,8,1,14,0|2,10,1,30,0|0,6,1,21,0|4,10,1,0,0|0,4,1,9,0|2,6,1,5,0|4,8,1,19,0|6,10,1,7,0|0,2,1,25,0|2,4,1,30,0|6,8,1,14,0|8,10,1,33,0|5,6,1,7,0|5,4,1,31,0|2,0,1,26,0|4,2,1,13,0|8,6,1,33,2|10,8,1,25,0|4,0,1,18,0|6,2,1,20,0|8,4,1,18,0|10,6,1,31,0|6,0,1,14,0|10,4,1,22,0|8,0,1,22,0|10,2,1,19,0|0,8,2,13,0|2,10,2,5,0|0,6,2,0,0|4,10,2,6,0|0,4,2,21,0|6,10,2,33,3|0,2,2,33,1|8,10,2,6,0|2,0,2,21,0|10,8,2,0,0|4,0,2,18,0|10,6,2,20,0|6,0,2,7,0|10,4,2,5,0|8,0,2,0,0|10,2,2,30,0
Rings|EXPERT|0,8,0,24,0|2,10,0,11,0|0,6,0,0,0|4,10,0,32,0|0,4,0,15,0|2,6,0,23,0|4,8,0,25,0|6,10,0,31,0|0,2,0,23,0|2,4,0,30,0|6,8,0,25,0|8,10,0,11,0|5,6,0,10,0|5,4,0,10,0|2,0,0,29,0|4,2,0,15,0|8,6,0,0,0|10,8,0,0,0|4,0,0,15,0|6,2,0,31,0|8,4,0,27,0|10,6,0,32,0|6,0,0,29,0|10,4,0,14,0|8,0,0,0,0|10,2,0,24,0|0,8,1,10,0|2,10,1,24,0|0,6,1,31,0|4,10,1,17,0|0,4,1,23,0|2,6,1,26,0|4,8,1,6,0|6,10,1,29,0|0,2,1,30,0|2,4,1,34,1|6,8,1,15,0|8,10,1,11,0|5,6,1,32,0|5,4,1,30,0|2,0,1,17,0|4,2,1,34,0|8,6,1,11,0|10,8,1,25,0|4,0,1,27,0|6,2,1,26,0|8,4,1,34,2|10,6,1,25,0|6,0,1,29,0|10,4,1,32,0|8,0,1,17,0|10,2,1,23,0|0,8,2,27,0|2,10,2,6,0|0,6,2,14,0|4,10,2,31,0|0,4,2,26,0|6,10,2,10,0|0,2,2,14,0|8,10,2,6,0|2,0,2,26,0|10,8,2,27,0|4,0,2,6,0|10,6,2,17,0|6,0,2,14,0|10,4,2,30,0|8,0,2,24,0|10,2,2,34,3
Rings|EXPERT|0,8,0,28,0|2,10,0,10,0|0,6,0,33,2|4,10,0,26,0|0,4,0,29,0|2,6,0,29,0|4,8,0,19,0|6,10,0,20,0|0,2,0,20,0|2,4,0,26,0|6,8,0,26,0|8,10,0,3,0|5,6,0,18,0|5,4,0,20,0|2,0,0,12,0|4,2,0,33,0|8,6,0,19,0|10,8,0,28,0|4,0,0,3,0|6,2,0,27,0|8,4,0,17,0|10,6,0,17,0|6,0,0,20,0|10,4,0,29,0|8,0,0,15,0|10,2,0,27,0|0,8,1,12,0|2,10,1,7,0|0,6,1,17,0|4,10,1,7,0|0,4,1,29,0|2,6,1,14,0|4,8,1,7,0|6,10,1,19,0|0,2,1,26,0|2,4,1,13,0|6,8,1,33,3|8,10,1,10,0|5,6,1,14,0|5,4,1,18,0|2,0,1,12,0|4,2,1,28,0|8,6,1,22,0|10,8,1,27,0|4,0,1,12,0|6,2,1,28,0|8,4,1,22,0|10,6,1,15,0|6,0,1,17,0|10,4,1,33,1|8,0,1,27,0|10,2,1,3,0|0,8,2,15,0|2,10,2,13,0|0,6,2,7,0|4,10,2,3,0|0,4,2,19,0|6,10,2,22,0|0,2,2,14,0|8,10,2,13,0|2,0,2,14,0|10,8,2,13,0|4,0,2,10,0|10,6,2,18,0|6,0,2,18,0|10,4,2,10,0|8,0,2,15,0|10,2,2,22,0
Rings|INTERMEDIATE|0,8,0,21,0|2,10,0,26,0|0,6,0,22,0|4,10,0,7,0|0,4,0,8,0|2,6,0,2,0|4,8,0,3,0|6,10,0,30,0|0,2,0,26,0|2,4,0,4,0|6,8,0,4,0|8,10,0,28,0|5,6,0,21,0|5,4,0,18,0|2,0,0,31,0|4,2,0,3,0|8,6,0,18,0|10,8,0,27,0|4,0,0,16,0|6,2,0,1,0|8,4,0,5,0|10,6,0,2,0|6,0,0,27,0|10,4,0,26,0|8,0,0,18,0|10,2,0,26,0|0,8,1,10,0|2,10,1,31,0|0,6,1,10,0|4,10,1,3,0|0,4,1,16,0|2,6,1,8,0|4,8,1,10,0|6,10,1,2,0|0,2,1,27,0|2,4,1,31,0|6,8,1,21,0|8,10,1,27,0|5,6,1,16,0|5,4,1,1,0|2,0,1,4,0|4,2,1,5,0|8,6,1,1,0|10,8,1,18,0|4,0,1,3,0|6,2,1,5,0|8,4,1,7,0|10,6,1,8,0|6,0,1,22,0|10,4,1,5,0|8,0,1,21,0|10,2,1,16,0|0,8,2,28,0|2,10,2,7,0|0,6,2,31,0|4,10,2,30,0|0,4,2,22,0|6,10,2,7,0|0,2,2,10,0|8,10,2,28,0|2,0,2,1,0|10,8,2,30,0|4,0,2,4,0|10,6,2,22,0|6,0,2,30,0|10,4,2,28,0|8,0,2,2,0|10,2,2,8,0
Rings|INTERMEDIATE|0,8,0,21,0|2,10,0,27,0|0,6,0,14,0|4,10,0,33,0|0,4,0,24,0|2,6,0,5,0|4,8,0,18,0|6,10,0,34,1|0,2,0,14,0|2,4,0,22,0|6,8,0,33,2|8,10,0,34,0|5,6,0,5,0|5,4,0,10,0|2,0,0,33,1|4,2,0,16,0|8,6,0,6,0|10,8,0,18,0|4,0,0,27,0|6,2,0,10,0|8,4,0,20,0|10,6,0,9,0|6,0,0,27,0|10,4,0,24,0|8,0,0,20,0|10,2,0,33,3|0,8,1,18,0|2,10,1,15,0|0,6,1,10,0|4,10,1,27,0|0,4,1,7,0|2,6,1,15,0|4,8,1,14,0|6,10,1,16,0|0,2,1,3,0|2,4,1,24,0|6,8,1,6,0|8,10,1,10,0|5,6,1,34,2|5,4,1,20,0|2,0,1,21,0|4,2,1,3,0|8,6,1,22,0|10,8,1,6,0|4,0,1,16,0|6,2,1,18,0|8,4,1,21,0|10,6,1,34,3|6,0,1,22,0|10,4,1,7,0|8,0,1,9,0|10,2,1,3,0|0,8,2,15,0|2,10,2,22,0|0,6,2,20,0|4,10,2,5,0|0,4,2,5,0|6,10,2,15,0|0,2,2,9,0|8,10,2,21,0|2,0,2,6,0|10,8,2,16,0|4,0,2,24,0|10,6,2,9,0|6,0,2,7,0|10,4,2,3,0|8,0,2,7,0|10,2,2,14,0
Rings|INTERMEDIATE|0,8,0,26,0|2,10,0,10,0|0,6,0,31,0|4,10,0,26,0|0,4,0,19,0|2,6,0,3,0|4,8,0,14,0|6,10,0,31,0|0,2,0,32,0|2,4,0,34,1|6,8,0,27,0|8,10,0,1,0|5,6,0,16,0|5,4,0,10,0|2,0,0,3,0|4,2,0,10,0|8,6,0,7,0|10,8,0,9,0|4,0,0,19,0|6,2,0,34,2|8,4,0,7,0|10,6,0,7,0|6,0,0,13,0|10,4,0,3,0|8,0,0,3,0|10,2,0,13,0|0,8,1,12,0|2,10,1,1,0|0,6,1,32,0|4,10,1,1,0|0,4,1,19,0|2,6,1,16,0|4,8,1,31,0|6,10,1,9,0|0,2,1,14,0|2,4,1,32,0|6,8,1,1,0|8,10,1,20,0|5,6,1,34,3|5,4,1,16,0|2,0,1,16,0|4,2,1,10,0|8,6,1,27,0|10,8,1,19,0|4,0,1,14,0|6,2,1,34,0|8,4,1,9,0|10,6,1,13,0|6,0,1,27,0|10,4,1,2,0|8,0,1,7,0|10,2,1,26,0|0,8,2,9,0|2,10,2,31,0|0,6,2,14,0|4,10,2,2,0|0,4,2,20,0|6,10,2,2,0|0,2,2,20,0|8,10,2,2,0|2,0,2,12,0|10,8,2,27,0|4,0,2,26,0|10,6,2,32,0|6,0,2,13,0|10,4,2,20,0|8,0,2,12,0|10,2,2,12,0
Rings|INTERMEDIATE|0,8,0,29,0|2,10,0,15,0|0,6,0,27,0|4,10,0,15,0|0,4,0,12,0|2,6,0,17,0|4,8,0,17,0|6,10,0,15,0|0,2,0,17,0|2,4,0,29,0|6,8,0,29,0|8,10,0,32,0|5,6,0,3,0|5,4,0,4,0|2,0,0,27,0|4,2,0,3,0|8,6,0,20,0|10,8,0,5,0|4,0,0,4,0|6,2,0,4,0|8,4,0,15,0|10,6,0,16,0|6,0,0,7,0|10,4,0,16,0|8,0,0,24,0|10,2,0,24,0|0,8,1,20,0|2,10,1,5,0|0,6,1,27,0|4,10,1,29,0|0,4,1,28,0|2,6,1,24,0|4,8,1,28,0|6,10,1,16,0|0,2,1,24,0|2,4,1,34,0|6,8,1,34,1|8,10,1,14,0|5,6,1,14,0|5,4,1,7,0|2,0,1,7,0|4,2,1,34,3|8,6,1,7,0|10,8,1,34,2|4,0,1,14,0|6,2,1,4,0|8,4,1,2,0|10,6,1,12,0|6,0,1,17,0|10,4,1,5,0|8,0,1,28,0|10,2,1,3,0|0,8,2,12,0|2,10,2,20,0|0,6,2,32,0|4,10,2,16,0|0,4,2,20,0|6,10,2,14,0|0,2,2,2,0|8,10,2,12,0|2,0,2,32,0|10,8,2,32,0|4,0,2,2,0|10,6,2,28,0|6,0,2,27,0|10,4,2,3,0|8,0,2,5,0|10,2,2,2,0
Rings|INTERMEDIATE|0,8,0,7,0|2,10,0,34,1|0,6,0,6,0|4,10,0,16,0|0,4,0,11,0|2,6,0,10,0|4,8,0,3,0|6,10,0,3,0|0,2,0,21,0|2,4,0,20,0|6,8,0,5,0|8,10,0,12,0|5,6,0,20,0|5,4,0,12,0|2,0,0,1,0|4,2,0,5,0|8,6,0,20,0|10,8,0,16,0|4,0,0,1,0|6,2,0,5,0|8,4,0,22,0|10,6,0,29,0|6,0,0,34,2|10,4,0,11,0|8,0,0,21,0|10,2,0,17,0|0,8,1,34,0|2,10,1,21,0|0,6,1,17,0|4,10,1,29,0|0,4,1,3,0|2,6,1,29,0|4,8,1,7,0|6,10,1,26,0|0,2,1,22,0|2,4,1,3,0|6,8,1,12,0|8,10,1,15,0|5,6,1,22,0|5,4,1,15,0|2,0,1,6,0|4,2,1,7,0|8,6,1,6,0|10,8,1,26,0|4,0,1,17,0|6,2,1,22,0|8,4,1,20,0|10,6,1,26,0|6,0,1,7,0|10,4,1,6,0|8,0,1,17,0|10,2,1,26,0|0,8,2,10,0|2,10,2,16,0|0,6,2,5,0|4,10,2,10,0|0,4,2,12,0|6,10,2,1,0|0,2,2,11,0|8,10,2,16,0|2,0,2,29,0|10,8,2,10,0|4,0,2,21,0|10,6,2,34,3|6,0,2,1,0|10,4,2,15,0|8,0,2,11,0|10,2,2,15,0
Rings|SIMPLE|0,8,0,22,0|2,10,0,3,0|0,6,0,7,0|4,10,0,28,0|0,4,0,30,0|2,6,0,18,0|4,8,0,25,0|6,10,0,28,0|0,2,0,33,3|2,4,0,32,0|6,8,0,14,0|8,10,0,25,0|5,6,0,22,0|5,4,0,30,0|2,0,0,7,0|4,2,0,29,0|8,6,0,7,0|10,8,0,22,0|4,0,0,28,0|6,2,0,18,0|8,4,0,25,0|10,6,0,9,0|6,0,0,24,0|10,4,0,9,0|8,0,0,8,0|10,2,0,6,0|0,8,1,29,0|2,10,1,6,0|0,6,1,6,0|4,10,1,8,0|0,4,1,3,0|2,6,1,24,0|4,8,1,25,0|6,10,1,9,0|0,2,1,30,0|2,4,1,26,0|6,8,1,11,0|8,10,1,6,0|5,6,1,3,0|5,4,1,29,0|2,0,1,7,0|4,2,1,9,0|8,6,1,26,0|10,8,1,11,0|4,0,1,32,0|6,2,1,11,0|8,4,1,8,0|10,6,1,14,0|6,0,1,14,0|10,4,1,18,0|8,0,1,8,0|10,2,1,14,0|0,8,2,26,0|2,10,2,22,0|0,6,2,33,2|4,10,2,30,0|0,4,2,24,0|6,10,2,33,1|0,2,2,29,0|8,10,2,33,0|2,0,2,24,0|10,8,2,28,0|4,0,2,18,0|10,6,2,3,0|6,0,2,26,0|10,4,2,11,0|8,0,2,32,0|10,2,2,32,0
Rings|SIMPLE|0,8,0,27,0|2,10,0,21,0|0,6,0,28,0|4,10,0,4,0|0,4,0,7,0|2,6,0,1,0|4,8,0,29,0|6,10,0,28,0|0,2,0,13,0|2,4,0,27,0|6,8,0,14,0|8,10,0,21,0|5,6,0,10,0|5,4,0,21,0|2,0,0,29,0|4,2,0,24,0|8,6,0,15,0|10,8,0,24,0|4,0,0,18,0|6,2,0,10,0|8,4,0,21,0|10,6,0,14,0|6,0,0,31,0|10,4,0,7,0|8,0,0,5,0|10,2,0,7,0|0,8,1,3,0|2,10,1,4,0|0,6,1,29,0|4,10,1,34,2|0,4,1,15,0|2,6,1,3,0|4,8,1,28,0|6,10,1,29,0|0,2,1,4,0|2,4,1,34,0|6,8,1,28,0|8,10,1,10,0|5,6,1,18,0|5,4,1,10,0|2,0,1,15,0|4,2,1,34,3|8,6,1,27,0|10,8,1,13,0|4,0,1,14,0|6,2,1,18,0|8,4,1,24,0|10,6,1,31,0|6,0,1,1,0|10,4,1,4,0|8,0,1,1,0|10,2,1,3,0|0,8,2,5,0|2,10,2,27,0|0,6,2,31,0|4,10,2,13,0|0,4,2,15,0|6,10,2,3,0|0,2,2,5,0|8,10,2,24,0|2,0,2,34,1|10,8,2,14,0|4,0,2,5,0|10,6,2,1,0|6,0,2,31,0|10,4,2,18,0|8,0,2,7,0|10,2,2,13,0
Rings|SIMPLE|0,8,0,32,0|2,10,0,33,2|0,6,0,32,0|4,10,0,17,0|0,4,0,17,0|2,6,0,9,0|4,8,0,0,0|6,10,0,30,0|0,2,0,30,0|2,4,0,13,0|6,8,0,23,0|8,10,0,30,0|5,6,0,9,0|5,4,0,16,0|2,0,0,18,0|4,2,0,12,0|8,6,0,2,0|10,8,0,21,0|4,0,0,15,0|6,2,0,20,0|8,4,0,21,0|10,6,0,7,0|6,0,0,17,0|10,4,0,23,0|8,0,0,7,0|10,2,0,9,0|0,8,1,23,0|2,10,1,0,0|0,6,1,15,0|4,10,1,7,0|0,4,1,16,0|2,6,1,33,1|4,8,1,15,0|6,10,1,12,0|0,2,1,13,0|2,4,1,18,0|6,8,1,30,0|8,10,1,13,0|5,6,1,7,0|5,4,1,20,0|2,0,1,32,0|4,2,1,20,0|8,6,1,12,0|10,8,1,12,0|4,0,1,9,0|6,2,1,2,0|8,4,1,8,0|10,6,1,16,0|6,0,1,33,3|10,4,1,16,0|8,0,1,2,0|10,2,1,0,0|0,8,2,8,0|2,10,2,32,0|0,6,2,23,0|4,10,2,20,0|0,4,2,2,0|6,10,2,8,0|0,2,2,13,0|8,10,2,18,0|2,0,2,18,0|10,8,2,21,0|4,0,2,21,0|10,6,2,8,0|6,0,2,0,0|10,4,2,15,0|8,0,2,33,0|10,2,2,17,0
Rings|SIMPLE|0,8,0,4,0|2,10,0,18,0|0,6,0,9,0|4,10,0,16,0|0,4,0,20,0|2,6,0,18,0|4,8,0,14,0|6,10,0,4,0|0,2,0,18,0|2,4,0,5,0|6,8,0,9,0|8,10,0,33,1|5,6,0,14,0|5,4,0,29,0|2,0,0,6,0|4,2,0,33,3|8,6,0,0,0|10,8,0,5,0|4,0,0,16,0|6,2,0,20,0|8,4,0,20,0|10,6,0,1,0|6,0,0,6,0|10,4,0,20,0|8,0,0,14,0|10,2,0,1,0|0,8,1,5,0|2,10,1,29,0|0,6,1,17,0|4,10,1,9,0|0,4,1,27,0|2,6,1,13,0|4,8,1,9,0|6,10,1,31,0|0,2,1,29,0|2,4,1,7,0|6,8,1,27,0|8,10,1,7,0|5,6,1,29,0|5,4,1,16,0|2,0,1,16,0|4,2,1,0,0|8,6,1,17,0|10,8,1,33,0|4,0,1,1,0|6,2,1,31,0|8,4,1,33,2|10,6,1,6,0|6,0,1,31,0|10,4,1,4,0|8,0,1,7,0|10,2,1,14,0|0,8,2,27,0|2,10,2,0,0|0,6,2,27,0|4,10,2,13,0|0,4,2,18,0|6,10,2,17,0|0,2,2,17,0|8,10,2,6,0|2,0,2,1,0|10,8,2,5,0|4,0,2,13,0|10,6,2,4,0|6,0,2,0,0|10,4,2,13,0|8,0,2,31,0|10,2,2,7,0
Rings|SIMPLE|0,8,0,7,0|2,10,0,33,1|0,6,0,30,0|4,10,0,8,0|0,4,0,3,0|2,6,0,33,3|4,8,0,27,0|6,10,0,32,0|0,2,0,30,0|2,4,0,27,0|6,8,0,21,0|8,10,0,1,0|5,6,0,20,0|5,4,0,8,0|2,0,0,8,0|4,2,0,1,0|8,6,0,33,2|10,8,0,9,0|4,0,0,21,0|6,2,0,30,0|8,4,0,20,0|10,6,0,30,0|6,0,0,19,0|10,4,0,25,0|8,0,0,26,0|10,2,0,3,0|0,8,1,26,0|2,10,1,3,0|0,6,1,7,0|4,10,1,19,0|0,4,1,1,0|2,6,1,15,0|4,8,1,19,0|6,10,1,7,0|0,2,1,25,0|2,4,1,12,0|6,8,1,27,0|8,10,1,19,0|5,6,1,21,0|5,4,1,20,0|2,0,1,12,0|4,2,1,16,0|8,6,1,15,0|10,8,1,9,0|4,0,1,33,0|6,2,1,12,0|8,4,1,1,0|10,6,1,16,0|6,0,1,26,0|10,4,1,26,0|8,0,1,32,0|10,2,1,27,0|0,8,2,16,0|2,10,2,12,0|0,6,2,9,0|4,10,2,32,0|0,4,2,20,0|6,10,2,32,0|0,2,2,8,0|8,10,2,15,0|2,0,2,7,0|10,8,2,25,0|4,0,2,3,0|10,6,2,16,0|6,0,2,21,0|10,4,2,15,0|8,0,2,25,0|10,2,2,9,0
Vertigo|EASY|3,12,0,0,0|3,10,0,0,0|5,12,0,4,0|0,6,0,5,0|3,8,0,5,0|5,10,0,18,0|5,8,0,0,0|4,6,0,33,2|3,4,0,31,0|3,2,0,31,0|5,4,0,18,0|8,6,0,0,0|3,0,0,18,0|5,2,0,18,0|5,0,0,20,0|4,11,1,31,0|0,6,1,31,0|2,8,1,6,0|4,9,1,34,3|6,8,1,14,0|2,4,1,33,0|4,6,1,14,0|4,3,1,33,3|6,4,1,4,0|8,6,1,20,0|4,1,1,33,1|4,10,2,34,1|0,6,2,14,0|2,8,2,34,0|4,8,2,5,0|6,8,2,6,0|2,4,2,20,0|4,6,2,4,0|4,4,2,14,0|6,4,2,20,0|8,6,2,4,0|4,2,2,6,0|0,6,3,34,2|4,6,3,5,0|8,6,3,6,0
Vertigo|EASY|3,12,0,0,0|3,10,0,14,0|5,12,0,0,0|0,6,0,0,0|3,8,0,1,0|5,10,0,33,3|5,8,0,1,0|4,6,0,33,2|3,4,0,14,0|3,2,0,29,0|5,4,0,0,0|8,6,0,20,0|3,0,0,11,0|5,2,0,26,0|5,0,0,26,0|4,11,1,33,1|0,6,1,29,0|2,8,1,15,0|4,9,1,33,0|6,8,1,15,0|2,4,1,26,0|4,6,1,11,0|4,3,1,29,0|6,4,1,15,0|8,6,1,11,0|4,1,1,12,0|4,10,2,11,0|0,6,2,26,0|2,8,2,14,0|4,8,2,12,0|6,8,2,1,0|2,4,2,15,0|4,6,2,29,0|4,4,2,20,0|6,4,2,20,0|8,6,2,14,0|4,2,2,12,0|0,6,3,20,0|4,6,3,1,0|8,6,3,12,0
Vertigo|EASY|3,12,0,1,0|3,10,0,21,0|5,12,0,1,0|0,6,0,6,0|3,8,0,6,0|5,10,0,6,0|5,8,0,3,0|4,6,0,19,0|3,4,0,19,0|3,2,0,29,0|5,4,0,29,0|8,6,0,19,0|3,0,0,3,0|5,2,0,34,2|5,0,0,6,0|4,11,1,29,0|0,6,1,21,0|2,8,1,3,0|4,9,1,1,0|6,8,1,34,3|2,4,1,34,0|4,6,1,21,0|4,3,1,1,0|6,4,1,12,0|8,6,1,3,0|4,1,1,5,0|4,10,2,34,1|0,6,2,12,0|2,8,2,20,0|4,8,2,21,0|6,8,2,19,0|2,4,2,20,0|4,6,2,5,0|4,4,2,20,0|6,4,2,5,0|8,6,2,5,0|4,2,2,12,0|0,6,3,20,0|4,6,3,12,0|8,6,3,29,0
Vertigo|EASY|3,12,0,1,0|3,10,0,22,0|5,12,0,21,0|0,6,0,24,0|3,8,0,13,0|5,10,0,34,3|5,8,0,13,0|4,6,0,32,0|3,4,0,23,0|3,2,0,31,0|5,4,0,32,0|8,6,0,1,0|3,0,0,5,0|5,2,0,23,0|5,0,0,31,0|4,11,1,21,0|0,6,1,22,0|2,8,1,34,1|4,9,1,23,0|6,8,1,5,0|2,4,1,24,0|4,6,1,24,0|4,3,1,34,2|6,4,1,32,0|8,6,1,1,0|4,1,1,23,0|4,10,2,31,0|0,6,2,32,0|2,8,2,31,0|4,8,2,1,0|6,8,2,22,0|2,4,2,34,0|4,6,2,22,0|4,4,2,21,0|6,4,2,5,0|8,6,2,13,0|4,2,2,13,0|0,6,3,24,0|4,6,3,5,0|8,6,3,21,0
Vertigo|EASY|3,12,0,1,0|3,10,0,5,0|5,12,0,3,0|0,6,0,1,0|3,8,0,5,0|5,10,0,24,0|5,8,0,19,0|4,6,0,33,3|3,4,0,15,0|3,2,0,33,0|5,4,0,33,2|8,6,0,5,0|3,0,0,1,0|5,2,0,19,0|5,0,0,27,0|4,11,1,24,0|0,6,1,3,0|2,8,1,15,0|4,9,1,27,0|6,8,1,24,0|2,4,1,15,0|4,6,1,5,0|4,3,1,0,0|6,4,1,23,0|8,6,1,33,1|4,1,1,19,0|4,10,2,23,0|0,6,2,3,0|2,8,2,1,0|4,8,2,3,0|6,8,2,0,0|2,4,2,23,0|4,6,2,19,0|4,4,2,23,0|6,4,2,24,0|8,6,2,0,0|4,2,2,15,0|0,6,3,27,0|4,6,3,27,0|8,6,3,0,0
Vertigo|EXPERT|3,12,0,0,0|3,10,0,2,0|5,12,0,2,0|0,6,0,25,0|3,8,0,21,0|5,10,0,21,0|5,8,0,32,0|4,6,0,32,0|3,4,0,0,0|3,2,0,0,0|5,4,0,25,0|8,6,0,21,0|3,0,0,14,0|5,2,0,6,0|5,0,0,32,0|4,11,1,23,0|0,6,1,0,0|2,8,1,2,0|4,9,1,23,0|6,8,1,21,0|2,4,1,12,0|4,6,1,23,0|4,3,1,14,0|6,4,1,31,0|8,6,1,31,0|4,1,1,12,0|4,10,2,25,0|0,6,2,12,0|2,8,2,6,0|4,8,2,12,0|6,8,2,31,0|2,4,2,2,0|4,6,2,23,0|4,4,2,32,0|6,4,2,6,0|8,6,2,31,0|4,2,2,6,0|0,6,3,14,0|4,6,3,25,0|8,6,3,14,0
Vertigo|EXPERT|3,12,0,0,0|3,10,0,7,0|5,12,0,18,0|0,6,0,1,0|3,8,0,1,0|5,10,0,18,0|5,8,0,0,0|4,6,0,1,0|3,4,0,1,0|3,2,0,25,0|5,4,0,24,0|8,6,0,25,0|3,0,0,16,0|5,2,0,18,0|5,0,0,6,0|4,11,1,6,0|0,6,1,7,0|2,8,1,7,0|4,9,1,6,0|6,8,1,2,0|2,4,1,27,0|4,6,1,24,0|4,3,1,24,0|6,4,1,25,0|8,6,1,6,0|4,1,1,16,0|4,10,2,0,0|0,6,2,18,0|2,8,2,27,0|4,8,2,25,0|6,8,2,2,0|2,4,2,16,0|4,6,2,7,0|4,4,2,2,0|6,4,2,24,0|8,6,2,27,0|4,2,2,2,0|0,6,3,16,0|4,6,3,0,0|8,6,3,27,0
Vertigo|EXPERT|3,12,0,10,0|3,10,0,4,0|5,12,0,22,0|0,6,0,12,0|3,8,0,12,0|5,10,0,4,0|5,8,0,17,0|4,6,0,22,0|3,4,0,9,0|3,2,0,9,0|5,4,0,12,0|8,6,0,3,0|3,0,0,9,0|5,2,0,9,0|5,0,0,12,0|4,11,1,17,0|0,6,1,17,0|2,8,1,30,0|4,9,1,10,0|6,8,1,22,0|2,4,1,10,0|4,6,1,17,0|4,3,1,30,0|6,4,1,15,0|8,6,1,2,0|4,1,1,22,0|4,10,2,30,0|0,6,2,15,0|2,8,2,3,0|4,8,2,10,0|6,8,2,2,0|2,4,2,3,0|4,6,2,30,0|4,4,2,3,0|6,4,2,2,0|8,6,2,15,0|4,2,2,15,0|0,6,3,4,0|4,6,3,2,0|8,6,3,4,0
Vertigo|EXPERT|3,12,0,11,0|3,10,0,12,0|5,12,0,12,0|0,6,0,6,0|3,8,0,19,0|5,10,0,14,0|5,8,0,6,0|4,6,0,6,0|3,4,0,19,0|3,2,0,13,0|5,4,0,14,0|8,6,0,3,0|3,0,0,12,0|5,2,0,13,0|5,0,0,12,0|4,11,1,11,0|0,6,1,11,0|2,8,1,26,0|4,9,1,4,0|6,8,1,3,0|2,4,1,26,0|4,6,1,6,0|4,3,1,26,0|6,4,1,14,0|8,6,1,3,0|4,1,1,11,0|4,10,2,3,0|0,6,2,19,0|2,8,2,14,0|4,8,2,18,0|6,8,2,13,0|2,4,2,13,0|4,6,2,4,0|4,4,2,18,0|6,4,2,4,0|8,6,2,26,0|4,2,2,19,0|0,6,3,18,0|4,6,3,4,0|8,6,3,18,0
Vertigo|EXPERT|3,12,0,12,0|3,10,0,11,0|5,12,0,3,0|0,6,0,15,0|3,8,0,17,0|5,10,0,12,0|5,8,0,20,0|4,6,0,11,0|3,4,0,27,0|3,2,0,27,0|5,4,0,17,0|8,6,0,1,0|3,0,0,11,0|5,2,0,11,0|5,0,0,20,0|4,11,1,32,0|0,6,1,12,0|2,8,1,32,0|4,9,1,1,0|6,8,1,1,0|2,4,1,17,0|4,6,1,32,0|4,3,1,23,0|6,4,1,3,0|8,6,1,23,0|4,1,1,23,0|4,10,2,20,0|0,6,2,1,0|2,8,2,23,0|4,8,2,27,0|6,8,2,15,0|2,4,2,32,0|4,6,2,3,0|4,4,2,15,0|6,4,2,20,0|8,6,2,15,0|4,2,2,12,0|0,6,3,17,0|4,6,3,27,0|8,6,3,3,0
Vertigo|INTERMEDIATE|3,12,0,0,0|3,10,0,34,2|5,12,0,16,0|0,6,0,23,0|3,8,0,7,0|5,10,0,6,0|5,8,0,19,0|4,6,0,19,0|3,4,0,0,0|3,2,0,23,0|5,4,0,13,0|8,6,0,6,0|3,0,0,16,0|5,2,0,13,0|5,0,0,19,0|4,11,1,0,0|0,6,1,23,0|2,8,1,28,0|4,9,1,7,0|6,8,1,28,0|2,4,1,28,0|4,6,1,7,0|4,3,1,34,0|6,4,1,3,0|8,6,1,13,0|4,1,1,3,0|4,10,2,6,0|0,6,2,16,0|2,8,2,3,0|4,8,2,0,0|6,8,2,7,0|2,4,2,23,0|4,6,2,34,3|4,4,2,28,0|6,4,2,34,1|8,6,2,13,0|4,2,2,3,0|0,6,3,19,0|4,6,3,6,0|8,6,3,16,0
Vertigo|INTERMEDIATE|3,12,0,10,0|3,10,0,13,0|5,12,0,7,0|0,6,0,27,0|3,8,0,10,0|5,10,0,13,0|5,8,0,5,0|4,6,0,10,0|3,4,0,0,0|3,2,0,5,0|5,4,0,0,0|8,6,0,7,0|3,0,0,5,0|5,2,0,13,0|5,0,0,5,0|4,11,1,34,1|0,6,1,8,0|2,8,1,27,0|4,9,1,8,0|6,8,1,7,0|2,4,1,16,0|4,6,1,7,0|4,3,1,13,0|6,4,1,16,0|8,6,1,34,3|4,1,1,27,0|4,10,2,25,0|0,6,2,25,0|2,8,2,0,0|4,8,2,34,2|6,8,2,0,0|2,4,2,16,0|4,6,2,27,0|4,4,2,10,0|6,4,2,25,0|8,6,2,34,0|4,2,2,8,0|0,6,3,25,0|4,6,3,16,0|8,6,3,8,0
Vertigo|INTERMEDIATE|3,12,0,10,0|3,10,0,23,0|5,12,0,12,0|0,6,0,3,0|3,8,0,13,0|5,10,0,23,0|5,8,0,13,0|4,6,0,21,0|3,4,0,28,0|3,2,0,28,0|5,4,0,23,0|8,6,0,20,0|3,0,0,3,0|5,2,0,23,0|5,0,0,7,0|4,11,1,12,0|0,6,1,5,0|2,8,1,12,0|4,9,1,10,0|6,8,1,5,0|2,4,1,7,0|4,6,1,10,0|4,3,1,5,0|6,4,1,21,0|8,6,1,10,0|4,1,1,3,0|4,10,2,28,0|0,6,2,3,0|2,8,2,20,0|4,8,2,20,0|6,8,2,7,0|2,4,2,13,0|4,6,2,12,0|4,4,2,28,0|6,4,2,5,0|8,6,2,13,0|4,2,2,21,0|0,6,3,7,0|4,6,3,20,0|8,6,3,21,0
Vertigo|INTERMEDIATE|3,12,0,10,0|3,10,0,27,0|5,12,0,14,0|0,6,0,32,0|3,8,0,7,0|5,10,0,31,0|5,8,0,31,0|4,6,0,31,0|3,4,0,0,0|3,2,0,31,0|5,4,0,24,0|8,6,0,0,0|3,0,0,24,0|5,2,0,7,0|5,0,0,0,0|4,11,1,24,0|0,6,1,24,0|2,8,1,29,0|4,9,1,0,0|6,8,1,32,0|2,4,1,7,0|4,6,1,27,0|4,3,1,14,0|6,4,1,7,0|8,6,1,10,0|4,1,1,14,0|4,10,2,29,0|0,6,2,27,0|2,8,2,27,0|4,8,2,10,0|6,8,2,11,0|2,4,2,29,0|4,6,2,32,0|4,4,2,14,0|6,4,2,32,0|8,6,2,11,0|4,2,2,10,0|0,6,3,11,0|4,6,3,11,0|8,6,3,29,0
Vertigo|INTERMEDIATE|3,12,0,11,0|3,10,0,14,0|5,12,0,32,0|0,6,0,33,3|3,8,0,11,0|5,10,0,16,0|5,8,0,16,0|4,6,0,11,0|3,4,0,32,0|3,2,0,14,0|5,4,0,6,0|8,6,0,6,0|3,0,0,11,0|5,2,0,6,0|5,0,0,32,0|4,11,1,21,0|0,6,1,32,0|2,8,1,23,0|4,9,1,29,0|6,8,1,14,0|2,4,1,6,0|4,6,1,33,0|4,3,1,29,0|6,4,1,29,0|8,6,1,33,2|4,1,1,29,0|4,10,2,16,0|0,6,2,21,0|2,8,2,15,0|4,8,2,23,0|6,8,2,21,0|2,4,2,23,0|4,6,2,21,0|4,4,2,33,1|6,4,2,15,0|8,6,2,14,0|4,2,2,23,0|0,6,3,16,0|4,6,3,15,0|8,6,3,15,0
Vertigo|SIMPLE|3,12,0,1,0|3,10,0,2,0|5,12,0,22,0|0,6,0,13,0|3,8,0,18,0|5,10,0,2,0|5,8,0,33,2|4,6,0,33,3|3,4,0,18,0|3,2,0,2,0|5,4,0,15,0|8,6,0,33,0|3,0,0,26,0|5,2,0,2,0|5,0,0,14,0|4,11,1,33,1|0,6,1,14,0|2,8,1,18,0|4,9,1,15,0|6,8,1,22,0|2,4,1,13,0|4,6,1,15,0|4,3,1,26,0|6,4,1,26,0|8,6,1,13,0|4,1,1,18,0|4,10,2,13,0|0,6,2,15,0|2,8,2,14,0|4,8,2,17,0|6,8,2,17,0|2,4,2,22,0|4,6,2,1,0|4,4,2,1,0|6,4,2,14,0|8,6,2,22,0|4,2,2,17,0|0,6,3,17,0|4,6,3,26,0|8,6,3,1,0
Vertigo|SIMPLE|3,12,0,10,0|3,10,0,32,0|5,12,0,10,0|0,6,0,8,0|3,8,0,32,0|5,10,0,21,0|5,8,0,8,0|4,6,0,8,0|3,4,0,22,0|3,2,0,28,0|5,4,0,21,0|8,6,0,28,0|3,0,0,21,0|5,2,0,32,0|5,0,0,1,0|4,11,1,4,0|0,6,1,22,0|2,8,1,1,0|4,9,1,32,0|6,8,1,9,0|2,4,1,22,0|4,6,1,9,0|4,3,1,9,0|6,4,1,21,0|8,6,1,1,0|4,1,1,4,0|4,10,2,28,0|0,6,2,4,0|2,8,2,8,0|4,8,2,22,0|6,8,2,28,0|2,4,2,10,0|4,6,2,10,0|4,4,2,34,3|6,4,2,4,0|8,6,2,34,2|4,2,2,34,0|0,6,3,34,1|4,6,3,1,0|8,6,3,9,0
Vertigo|SIMPLE|3,12,0,11,0|3,10,0,23,0|5,12,0,11,0|0,6,0,4,0|3,8,0,0,0|5,10,0,4,0|5,8,0,11,0|4,6,0,0,0|3,4,0,33,3|3,2,0,0,0|5,4,0,23,0|8,6,0,33,1|3,0,0,30,0|5,2,0,33,2|5,0,0,33,0|4,11,1,19,0|0,6,1,11,0|2,8,1,28,0|4,9,1,29,0|6,8,1,0,0|2,4,1,23,0|4,6,1,28,0|4,3,1,29,0|6,4,1,19,0|8,6,1,29,0|4,1,1,26,0|4,10,2,26,0|0,6,2,30,0|2,8,2,26,0|4,8,2,19,0|6,8,2,29,0|2,4,2,28,0|4,6,2,30,0|4,4,2,4,0|6,4,2,4,0|8,6,2,19,0|4,2,2,26,0|0,6,3,28,0|4,6,3,30,0|8,6,3,23,0
Vertigo|SIMPLE|3,12,0,11,0|3,10,0,27,0|5,12,0,27,0|0,6,0,17,0|3,8,0,27,0|5,10,0,29,0|5,8,0,27,0|4,6,0,21,0|3,4,0,32,0|3,2,0,12,0|5,4,0,16,0|8,6,0,11,0|3,0,0,11,0|5,2,0,32,0|5,0,0,17,0|4,11,1,21,0|0,6,1,2,0|2,8,1,29,0|4,9,1,29,0|6,8,1,21,0|2,4,1,12,0|4,6,1,17,0|4,3,1,17,0|6,4,1,11,0|8,6,1,2,0|4,1,1,21,0|4,10,2,16,0|0,6,2,23,0|2,8,2,29,0|4,8,2,32,0|6,8,2,23,0|2,4,2,12,0|4,6,2,2,0|4,4,2,23,0|6,4,2,23,0|8,6,2,32,0|4,2,2,16,0|0,6,3,12,0|4,6,3,2,0|8,6,3,16,0
Vertigo|SIMPLE|3,12,0,12,0|3,10,0,30,0|5,12,0,10,0|0,6,0,20,0|3,8,0,12,0|5,10,0,22,0|5,8,0,30,0|4,6,0,22,0|3,4,0,10,0|3,2,0,6,0|5,4,0,29,0|8,6,0,6,0|3,0,0,29,0|5,2,0,33,2|5,0,0,30,0|4,11,1,6,0|0,6,1,29,0|2,8,1,6,0|4,9,1,22,0|6,8,1,20,0|2,4,1,22,0|4,6,1,33,3|4,3,1,29,0|6,4,1,11,0|8,6,1,30,0|4,1,1,19,0|4,10,2,33,0|0,6,2,19,0|2,8,2,20,0|4,8,2,10,0|6,8,2,20,0|2,4,2,33,1|4,6,2,19,0|4,4,2,12,0|6,4,2,12,0|8,6,2,10,0|4,2,2,11,0|0,6,3,19,0|4,6,3,11,0|8,6,3,11,0
Waves|EASY|1,12,0,16,0|2,10,0,23,0|5,12,0,27,0|3,8,0,16,0|6,10,0,9,0|2,6,0,24,0|9,12,0,1,0|1,4,0,27,0|7,8,0,31,0|10,10,0,22,0|6,6,0,31,0|2,2,0,16,0|13,12,0,24,0|5,4,0,9,0|11,8,0,5,0|3,0,0,10,0|14,10,0,22,0|10,6,0,27,0|6,2,0,30,0|9,4,0,24,0|15,8,0,31,0|7,0,0,1,0|14,6,0,1,0|10,2,0,9,0|13,4,0,5,0|11,0,0,16,0|14,2,0,9,0|15,0,0,13,0|1,12,1,17,0|2,10,1,33,1|5,12,1,4,0|3,8,1,4,0|6,10,1,33,0|2,6,1,31,0|9,12,1,23,0|1,4,1,33,3|7,8,1,30,0|10,10,1,13,0|6,6,1,25,0|2,2,1,17,0|13,12,1,25,0|5,4,1,30,0|11,8,1,30,0|3,0,1,4,0|14,10,1,10,0|10,6,1,33,2|6,2,1,13,0|9,4,1,4,0|15,8,1,5,0|7,0,1,25,0|14,6,1,13,0|10,2,1,1,0|13,4,1,22,0|11,0,1,27,0|14,2,1,22,0|15,0,1,5,0|1,12,2,24,0|5,12,2,10,0|2,6,2,17,0|9,12,2,0,0|6,6,2,17,0|13,12,2,0,0|3,0,2,23,0|10,6,2,25,0|7,0,2,0,0|14,6,2,0,0|11,0,2,23,0|15,0,2,10,0
Waves|EASY|1,12,0,2,0|2,10,0,10,0|5,12,0,8,0|3,8,0,27,0|6,10,0,8,0|2,6,0,33,3|9,12,0,0,0|1,4,0,11,0|7,8,0,30,0|10,10,0,17,0|6,6,0,33,2|2,2,0,3,0|13,12,0,31,0|5,4,0,16,0|11,8,0,17,0|3,0,0,9,0|14,10,0,5,0|10,6,0,2,0|6,2,0,16,0|9,4,0,2,0|15,8,0,20,0|7,0,0,8,0|14,6,0,9,0|10,2,0,3,0|13,4,0,17,0|11,0,0,11,0|14,2,0,8,0|15,0,0,10,0|1,12,1,24,0|2,10,1,33,0|5,12,1,2,0|3,8,1,5,0|6,10,1,27,0|2,6,1,30,0|9,12,1,31,0|1,4,1,9,0|7,8,1,10,0|10,10,1,3,0|6,6,1,11,0|2,2,1,17,0|13,12,1,0,0|5,4,1,24,0|11,8,1,5,0|3,0,1,31,0|14,10,1,3,0|10,6,1,11,0|6,2,1,20,0|9,4,1,20,0|15,8,1,9,0|7,0,1,33,1|14,6,1,5,0|10,2,1,27,0|13,4,1,20,0|11,0,1,10,0|14,2,1,27,0|15,0,1,24,0|1,12,2,0,0|5,12,2,13,0|2,6,2,0,0|9,12,2,13,0|6,6,2,30,0|13,12,2,13,0|3,0,2,30,0|10,6,2,24,0|7,0,2,16,0|14,6,2,13,0|11,0,2,16,0|15,0,2,31,0
Waves|EASY|1,12,0,20,0|2,10,0,26,0|5,12,0,14,0|3,8,0,20,0|6,10,0,12,0|2,6,0,29,0|9,12,0,29,0|1,4,0,4,0|7,8,0,15,0|10,10,0,10,0|6,6,0,9,0|2,2,0,8,0|13,12,0,8,0|5,4,0,9,0|11,8,0,9,0|3,0,0,18,0|14,10,0,12,0|10,6,0,10,0|6,2,0,8,0|9,4,0,29,0|15,8,0,29,0|7,0,0,11,0|14,6,0,14,0|10,2,0,11,0|13,4,0,20,0|11,0,0,32,0|14,2,0,12,0|15,0,0,34,2|1,12,1,15,0|2,10,1,4,0|5,12,1,8,0|3,8,1,14,0|6,10,1,34,1|2,6,1,34,3|9,12,1,10,0|1,4,1,18,0|7,8,1,10,0|10,10,1,27,0|6,6,1,26,0|2,2,1,31,0|13,12,1,4,0|5,4,1,4,0|11,8,1,20,0|3,0,1,1,0|14,10,1,34,0|10,6,1,12,0|6,2,1,1,0|9,4,1,11,0|15,8,1,26,0|7,0,1,32,0|14,6,1,26,0|10,2,1,32,0|13,4,1,31,0|11,0,1,1,0|14,2,1,14,0|15,0,1,11,0|1,12,2,27,0|5,12,2,27,0|2,6,2,31,0|9,12,2,1,0|6,6,2,9,0|13,12,2,18,0|3,0,2,32,0|10,6,2,27,0|7,0,2,15,0|14,6,2,18,0|11,0,2,15,0|15,0,2,31,0
Waves|EASY|1,12,0,22,0|2,10,0,12,0|5,12,0,24,0|3,8,0,31,0|6,10,0,1,0|2,6,0,31,0|9,12,0,20,0|1,4,0,1,0|7,8,0,2,0|10,10,0,17,0|6,6,0,3,0|2,2,0,1,0|13,12,0,21,0|5,4,0,25,0|11,8,0,34,0|3,0,0,25,0|14,10,0,22,0|10,6,0,7,0|6,2,0,24,0|9,4,0,31,0|15,8,0,29,0|7,0,0,14,0|14,6,0,12,0|10,2,0,24,0|13,4,0,14,0|11,0,0,29,0|14,2,0,34,3|15,0,0,21,0|1,12,1,3,0|2,10,1,2,0|5,12,1,29,0|3,8,1,34,2|6,10,1,20,0|2,6,1,2,0|9,12,1,29,0|1,4,1,20,0|7,8,1,0,0|10,10,1,22,0|6,6,1,21,0|2,2,1,3,0|13,12,1,32,0|5,4,1,17,0|11,8,1,7,0|3,0,1,20,0|14,10,1,25,0|10,6,1,34,1|6,2,1,7,0|9,4,1,31,0|15,8,1,25,0|7,0,1,21,0|14,6,1,1,0|10,2,1,2,0|13,4,1,17,0|11,0,1,7,0|14,2,1,32,0|15,0,1,12,0|1,12,2,0,0|5,12,2,14,0|2,6,2,24,0|9,12,2,0,0|6,6,2,0,0|13,12,2,14,0|3,0,2,22,0|10,6,2,32,0|7,0,2,3,0|14,6,2,17,0|11,0,2,12,0|15,0,2,32,0
Waves|EASY|1,12,0,33,3|2,10,0,26,0|5,12,0,33,2|3,8,0,31,0|6,10,0,15,0|2,6,0,31,0|9,12,0,15,0|1,4,0,2,0|7,8,0,17,0|10,10,0,32,0|6,6,0,32,0|2,2,0,1,0|13,12,0,29,0|5,4,0,23,0|11,8,0,31,0|3,0,0,12,0|14,10,0,7,0|10,6,0,2,0|6,2,0,23,0|9,4,0,17,0|15,8,0,26,0|7,0,0,1,0|14,6,0,15,0|10,2,0,4,0|13,4,0,15,0|11,0,0,7,0|14,2,0,17,0|15,0,0,12,0|1,12,1,9,0|2,10,1,4,0|5,12,1,7,0|3,8,1,9,0|6,10,1,26,0|2,6,1,2,0|9,12,1,8,0|1,4,1,23,0|7,8,1,8,0|10,10,1,8,0|6,6,1,2,0|2,2,1,8,0|13,12,1,1,0|5,4,1,32,0|11,8,1,4,0|3,0,1,20,0|14,10,1,20,0|10,6,1,31,0|6,2,1,32,0|9,4,1,23,0|15,8,1,26,0|7,0,1,4,0|14,6,1,18,0|10,2,1,9,0|13,4,1,1,0|11,0,1,9,0|14,2,1,12,0|15,0,1,20,0|1,12,2,17,0|5,12,2,20,0|2,6,2,18,0|9,12,2,33,0|6,6,2,29,0|13,12,2,18,0|3,0,2,18,0|10,6,2,12,0|7,0,2,7,0|14,6,2,33,1|11,0,2,29,0|15,0,2,29,0
Waves|EXPERT|1,12,0,10,0|2,10,0,20,0|5,12,0,4,0|3,8,0,12,0|6,10,0,29,0|2,6,0,26,0|9,12,0,21,0|1,4,0,16,0|7,8,0,20,0|10,10,0,19,0|6,6,0,29,0|2,2,0,21,0|13,12,0,26,0|5,4,0,30,0|11,8,0,12,0|3,0,0,17,0|14,10,0,4,0|10,6,0,29,0|6,2,0,23,0|9,4,0,7,0|15,8,0,4,0|7,0,0,23,0|14,6,0,16,0|10,2,0,30,0|13,4,0,28,0|11,0,0,23,0|14,2,0,5,0|15,0,0,16,0|1,12,1,19,0|2,10,1,7,0|5,12,1,28,0|3,8,1,26,0|6,10,1,23,0|2,6,1,28,0|9,12,1,14,0|1,4,1,7,0|7,8,1,29,0|10,10,1,17,0|6,6,1,4,0|2,2,1,16,0|13,12,1,28,0|5,4,1,30,0|11,8,1,31,0|3,0,1,14,0|14,10,1,5,0|10,6,1,10,0|6,2,1,7,0|9,4,1,19,0|15,8,1,20,0|7,0,1,30,0|14,6,1,31,0|10,2,1,5,0|13,4,1,5,0|11,0,1,26,0|14,2,1,19,0|15,0,1,14,0|1,12,2,10,0|5,12,2,21,0|2,6,2,17,0|9,12,2,31,0|6,6,2,14,0|13,12,2,17,0|3,0,2,31,0|10,6,2,12,0|7,0,2,20,0|14,6,2,21,0|11,0,2,10,0|15,0,2,12,0
Waves|EXPERT|1,12,0,11,0|2,10,0,11,0|5,12,0,34,1|3,8,0,6,0|6,10,0,24,0|2,6,0,24,0|9,12,0,20,0|1,4,0,34,3|7,8,0,2,0|10,10,0,25,0|6,6,0,24,0|2,2,0,8,0|13,12,0,5,0|5,4,0,13,0|11,8,0,6,0|3,0,0,1,0|14,10,0,10,0|10,6,0,29,0|6,2,0,10,0|9,4,0,27,0|15,8,0,27,0|7,0,0,5,0|14,6,0,2,0|10,2,0,34,0|13,4,0,34,2|11,0,0,20,0|14,2,0,13,0|15,0,0,31,0|1,12,1,29,0|2,10,1,25,0|5,12,1,20,0|3,8,1,32,0|6,10,1,24,0|2,6,1,6,0|9,12,1,2,0|1,4,1,27,0|7,8,1,6,0|10,10,1,10,0|6,6,1,11,0|2,2,1,25,0|13,12,1,21,0|5,4,1,13,0|11,8,1,31,0|3,0,1,21,0|14,10,1,25,0|10,6,1,20,0|6,2,1,11,0|9,4,1,32,0|15,8,1,13,0|7,0,1,1,0|14,6,1,8,0|10,2,1,1,0|13,4,1,27,0|11,0,1,5,0|14,2,1,10,0|15,0,1,1,0|1,12,2,8,0|5,12,2,5,0|2,6,2,21,0|9,12,2,32,0|6,6,2,31,0|13,12,2,8,0|3,0,2,31,0|10,6,2,29,0|7,0,2,2,0|14,6,2,29,0|11,0,2,21,0|15,0,2,32,0
Waves|EXPERT|1,12,0,29,0|2,10,0,11,0|5,12,0,10,0|3,8,0,14,0|6,10,0,30,0|2,6,0,17,0|9,12,0,33,2|1,4,0,9,0|7,8,0,29,0|10,10,0,0,0|6,6,0,23,0|2,2,0,31,0|13,12,0,11,0|5,4,0,19,0|11,8,0,31,0|3,0,0,31,0|14,10,0,10,0|10,6,0,29,0|6,2,0,19,0|9,4,0,9,0|15,8,0,3,0|7,0,0,32,0|14,6,0,23,0|10,2,0,17,0|13,4,0,30,0|11,0,0,0,0|14,2,0,19,0|15,0,0,3,0|1,12,1,30,0|2,10,1,10,0|5,12,1,9,0|3,8,1,32,0|6,10,1,19,0|2,6,1,17,0|9,12,1,13,0|1,4,1,3,0|7,8,1,3,0|10,10,1,23,0|6,6,1,10,0|2,2,1,31,0|13,12,1,30,0|5,4,1,9,0|11,8,1,33,3|3,0,1,0,0|14,10,1,13,0|10,6,1,26,0|6,2,1,25,0|9,4,1,17,0|15,8,1,29,0|7,0,1,26,0|14,6,1,32,0|10,2,1,0,0|13,4,1,14,0|11,0,1,13,0|14,2,1,26,0|15,0,1,26,0|1,12,2,33,1|5,12,2,11,0|2,6,2,25,0|9,12,2,25,0|6,6,2,33,0|13,12,2,23,0|3,0,2,13,0|10,6,2,32,0|7,0,2,14,0|14,6,2,25,0|11,0,2,14,0|15,0,2,11,0
Waves|EXPERT|1,12,0,31,0|2,10,0,1,0|5,12,0,0,0|3,8,0,8,0|6,10,0,27,0|2,6,0,3,0|9,12,0,4,0|1,4,0,28,0|7,8,0,18,0|10,10,0,1,0|6,6,0,1,0|2,2,0,3,0|13,12,0,0,0|5,4,0,1,0|11,8,0,9,0|3,0,0,2,0|14,10,0,0,0|10,6,0,24,0|6,2,0,31,0|9,4,0,8,0|15,8,0,28,0|7,0,0,2,0|14,6,0,24,0|10,2,0,18,0|13,4,0,34,2|11,0,0,9,0|14,2,0,26,0|15,0,0,26,0|1,12,1,4,0|2,10,1,23,0|5,12,1,4,0|3,8,1,24,0|6,10,1,4,0|2,6,1,3,0|9,12,1,27,0|1,4,1,18,0|7,8,1,22,0|10,10,1,24,0|6,6,1,23,0|2,2,1,18,0|13,12,1,28,0|5,4,1,27,0|11,8,1,22,0|3,0,1,22,0|14,10,1,34,3|10,6,1,26,0|6,2,1,3,0|9,4,1,26,0|15,8,1,28,0|7,0,1,34,1|14,6,1,9,0|10,2,1,9,0|13,4,1,31,0|11,0,1,27,0|14,2,1,31,0|15,0,1,0,0|1,12,2,21,0|5,12,2,21,0|2,6,2,23,0|9,12,2,2,0|6,6,2,23,0|13,12,2,2,0|3,0,2,8,0|10,6,2,21,0|7,0,2,21,0|14,6,2,8,0|11,0,2,34,0|15,0,2,22,0
Waves|EXPERT|1,12,0,33,1|2,10,0,33,3|5,12,0,24,0|3,8,0,24,0|6,10,0,11,0|2,6,0,14,0|9,12,0,20,0|1,4,0,19,0|7,8,0,15,0|10,10,0,11,0|6,6,0,2,0|2,2,0,2,0|13,12,0,24,0|5,4,0,6,0|11,8,0,3,0|3,0,0,6,0|14,10,0,20,0|10,6,0,5,0|6,2,0,9,0|9,4,0,19,0|15,8,0,5,0|7,0,0,33,2|14,6,0,15,0|10,2,0,29,0|13,4,0,6,0|11,0,0,23,0|14,2,0,3,0|15,0,0,11,0|1,12,1,0,0|2,10,1,5,0|5,12,1,0,0|3,8,1,24,0|6,10,1,20,0|2,6,1,9,0|9,12,1,14,0|1,4,1,0,0|7,8,1,11,0|10,10,1,19,0|6,6,1,15,0|2,2,1,6,0|13,12,1,14,0|5,4,1,15,0|11,8,1,3,0|3,0,1,9,0|14,10,1,2,0|10,6,1,25,0|6,2,1,9,0|9,4,1,20,0|15,8,1,25,0|7,0,1,25,0|14,6,1,14,0|10,2,1,7,0|13,4,1,3,0|11,0,1,29,0|14,2,1,0,0|15,0,1,25,0|1,12,2,29,0|5,12,2,7,0|2,6,2,19,0|9,12,2,7,0|6,6,2,29,0|13,12,2,23,0|3,0,2,23,0|10,6,2,2,0|7,0,2,5,0|14,6,2,23,0|11,0,2,7,0|15,0,2,33,0
Waves|INTERMEDIATE|1,12,0,0,0|2,10,0,24,0|5,12,0,25,0|3,8,0,23,0|6,10,0,2,0|2,6,0,2,0|9,12,0,21,0|1,4,0,28,0|7,8,0,15,0|10,10,0,20,0|6,6,0,21,0|2,2,0,24,0|13,12,0,21,0|5,4,0,3,0|11,8,0,7,0|3,0,0,10,0|14,10,0,33,3|10,6,0,23,0|6,2,0,0,0|9,4,0,24,0|15,8,0,29,0|7,0,0,28,0|14,6,0,20,0|10,2,0,25,0|13,4,0,28,0|11,0,0,24,0|14,2,0,15,0|15,0,0,15,0|1,12,1,15,0|2,10,1,10,0|5,12,1,30,0|3,8,1,0,0|6,10,1,20,0|2,6,1,25,0|9,12,1,0,0|1,4,1,33,2|7,8,1,30,0|10,10,1,26,0|6,6,1,18,0|2,2,1,33,1|13,12,1,26,0|5,4,1,3,0|11,8,1,7,0|3,0,1,30,0|14,10,1,10,0|10,6,1,20,0|6,2,1,23,0|9,4,1,10,0|15,8,1,7,0|7,0,1,29,0|14,6,1,2,0|10,2,1,30,0|13,4,1,7,0|11,0,1,18,0|14,2,1,25,0|15,0,1,2,0|1,12,2,21,0|5,12,2,29,0|2,6,2,26,0|9,12,2,23,0|6,6,2,18,0|13,12,2,3,0|3,0,2,3,0|10,6,2,29,0|7,0,2,18,0|14,6,2,28,0|11,0,2,26,0|15,0,2,33,0
Waves|INTERMEDIATE|1,12,0,13,0|2,10,0,18,0|5,12,0,6,0|3,8,0,14,0|6,10,0,11,0|2,6,0,6,0|9,12,0,6,0|1,4,0,12,0|7,8,0,15,0|10,10,0,25,0|6,6,0,32,0|2,2,0,13,0|13,12,0,11,0|5,4,0,29,0|11,8,0,25,0|3,0,0,0,0|14,10,0,0,0|10,6,0,7,0|6,2,0,34,1|9,4,0,34,0|15,8,0,25,0|7,0,0,12,0|14,6,0,13,0|10,2,0,7,0|13,4,0,34,2|11,0,0,0,0|14,2,0,7,0|15,0,0,11,0|1,12,1,33,0|2,10,1,7,0|5,12,1,33,1|3,8,1,12,0|6,10,1,0,0|2,6,1,25,0|9,12,1,34,3|1,4,1,32,0|7,8,1,6,0|10,10,1,14,0|6,6,1,22,0|2,2,1,29,0|13,12,1,33,3|5,4,1,29,0|11,8,1,15,0|3,0,1,18,0|14,10,1,18,0|10,6,1,29,0|6,2,1,22,0|9,4,1,28,0|15,8,1,12,0|7,0,1,32,0|14,6,1,28,0|10,2,1,19,0|13,4,1,11,0|11,0,1,22,0|14,2,1,13,0|15,0,1,28,0|1,12,2,15,0|5,12,2,19,0|2,6,2,22,0|9,12,2,18,0|6,6,2,32,0|13,12,2,19,0|3,0,2,15,0|10,6,2,28,0|7,0,2,33,2|14,6,2,19,0|11,0,2,14,0|15,0,2,14,0
Waves|INTERMEDIATE|1,12,0,25,0|2,10,0,18,0|5,12,0,14,0|3,8,0,25,0|6,10,0,31,0|2,6,0,28,0|9,12,0,30,0|1,4,0,14,0|7,8,0,34,3|10,10,0,2,0|6,6,0,31,0|2,2,0,18,0|13,12,0,1,0|5,4,0,28,0|11,8,0,34,2|3,0,0,2,0|14,10,0,23,0|10,6,0,23,0|6,2,0,1,0|9,4,0,8,0|15,8,0,15,0|7,0,0,7,0|14,6,0,14,0|10,2,0,30,0|13,4,0,18,0|11,0,0,27,0|14,2,0,25,0|15,0,0,31,0|1,12,1,15,0|2,10,1,30,0|5,12,1,16,0|3,8,1,28,0|6,10,1,8,0|2,6,1,15,0|9,12,1,7,0|1,4,1,30,0|7,8,1,1,0|10,10,1,25,0|6,6,1,2,0|2,2,1,15,0|13,12,1,14,0|5,4,1,21,0|11,8,1,21,0|3,0,1,20,0|14,10,1,2,0|10,6,1,21,0|6,2,1,16,0|9,4,1,21,0|15,8,1,28,0|7,0,1,27,0|14,6,1,18,0|10,2,1,27,0|13,4,1,20,0|11,0,1,8,0|14,2,1,1,0|15,0,1,7,0|1,12,2,31,0|5,12,2,27,0|2,6,2,8,0|9,12,2,20,0|6,6,2,16,0|13,12,2,34,0|3,0,2,7,0|10,6,2,20,0|7,0,2,23,0|14,6,2,16,0|11,0,2,34,1|15,0,2,23,0
Waves|INTERMEDIATE|1,12,0,33,1|2,10,0,29,0|5,12,0,31,0|3,8,0,18,0|6,10,0,26,0|2,6,0,2,0|9,12,0,34,1|1,4,0,10,0|7,8,0,18,0|10,10,0,31,0|6,6,0,22,0|2,2,0,34,3|13,12,0,20,0|5,4,0,14,0|11,8,0,32,0|3,0,0,20,0|14,10,0,23,0|10,6,0,31,0|6,2,0,33,0|9,4,0,20,0|15,8,0,32,0|7,0,0,22,0|14,6,0,26,0|10,2,0,31,0|13,4,0,2,0|11,0,0,22,0|14,2,0,19,0|15,0,0,29,0|1,12,1,14,0|2,10,1,24,0|5,12,1,8,0|3,8,1,29,0|6,10,1,19,0|2,6,1,1,0|9,12,1,29,0|1,4,1,34,2|7,8,1,1,0|10,10,1,1,0|6,6,1,18,0|2,2,1,8,0|13,12,1,14,0|5,4,1,2,0|11,8,1,23,0|3,0,1,1,0|14,10,1,20,0|10,6,1,18,0|6,2,1,24,0|9,4,1,8,0|15,8,1,23,0|7,0,1,14,0|14,6,1,10,0|10,2,1,33,2|13,4,1,33,3|11,0,1,26,0|14,2,1,22,0|15,0,1,23,0|1,12,2,19,0|5,12,2,34,0|2,6,2,26,0|9,12,2,19,0|6,6,2,24,0|13,12,2,2,0|3,0,2,32,0|10,6,2,10,0|7,0,2,32,0|14,6,2,8,0|11,0,2,10,0|15,0,2,24,0
Waves|INTERMEDIATE|1,12,0,6,0|2,10,0,26,0|5,12,0,19,0|3,8,0,30,0|6,10,0,18,0|2,6,0,24,0|9,12,0,17,0|1,4,0,5,0|7,8,0,9,0|10,10,0,34,2|6,6,0,18,0|2,2,0,27,0|13,12,0,28,0|5,4,0,26,0|11,8,0,6,0|3,0,0,9,0|14,10,0,5,0|10,6,0,0,0|6,2,0,5,0|9,4,0,30,0|15,8,0,18,0|7,0,0,14,0|14,6,0,3,0|10,2,0,21,0|13,4,0,24,0|11,0,0,10,0|14,2,0,0,0|15,0,0,24,0|1,12,1,17,0|2,10,1,21,0|5,12,1,21,0|3,8,1,5,0|6,10,1,26,0|2,6,1,21,0|9,12,1,19,0|1,4,1,9,0|7,8,1,30,0|10,10,1,3,0|6,6,1,19,0|2,2,1,26,0|13,12,1,10,0|5,4,1,34,3|11,8,1,3,0|3,0,1,6,0|14,10,1,34,0|10,6,1,28,0|6,2,1,27,0|9,4,1,24,0|15,8,1,27,0|7,0,1,14,0|14,6,1,30,0|10,2,1,10,0|13,4,1,9,0|11,0,1,28,0|14,2,1,27,0|15,0,1,18,0|1,12,2,0,0|5,12,2,3,0|2,6,2,14,0|9,12,2,28,0|6,6,2,14,0|13,12,2,17,0|3,0,2,19,0|10,6,2,34,1|7,0,2,17,0|14,6,2,0,0|11,0,2,6,0|15,0,2,10,0
Waves|SIMPLE|1,12,0,2,0|2,10,0,33,0|5,12,0,17,0|3,8,0,7,0|6,10,0,14,0|2,6,0,33,2|9,12,0,13,0|1,4,0,10,0|7,8,0,13,0|10,10,0,5,0|6,6,0,10,0|2,2,0,24,0|13,12,0,22,0|5,4,0,33,3|11,8,0,31,0|3,0,0,31,0|14,10,0,17,0|10,6,0,7,0|6,2,0,24,0|9,4,0,33,1|15,8,0,5,0|7,0,0,22,0|14,6,0,0,0|10,2,0,5,0|13,4,0,27,0|11,0,0,16,0|14,2,0,13,0|15,0,0,23,0|1,12,1,31,0|2,10,1,32,0|5,12,1,2,0|3,8,1,24,0|6,10,1,7,0|2,6,1,10,0|9,12,1,17,0|1,4,1,31,0|7,8,1,3,0|10,10,1,23,0|6,6,1,17,0|2,2,1,10,0|13,12,1,3,0|5,4,1,0,0|11,8,1,27,0|3,0,1,2,0|14,10,1,32,0|10,6,1,0,0|6,2,1,27,0|9,4,1,5,0|15,8,1,16,0|7,0,1,14,0|14,6,1,27,0|10,2,1,32,0|13,4,1,0,0|11,0,1,23,0|14,2,1,14,0|15,0,1,23,0|1,12,2,14,0|5,12,2,22,0|2,6,2,3,0|9,12,2,2,0|6,6,2,32,0|13,12,2,13,0|3,0,2,24,0|10,6,2,16,0|7,0,2,22,0|14,6,2,16,0|11,0,2,3,0|15,0,2,7,0
Waves|SIMPLE|1,12,0,28,0|2,10,0,14,0|5,12,0,31,0|3,8,0,30,0|6,10,0,31,0|2,6,0,14,0|9,12,0,13,0|1,4,0,14,0|7,8,0,27,0|10,10,0,9,0|6,6,0,11,0|2,2,0,28,0|13,12,0,32,0|5,4,0,29,0|11,8,0,12,0|3,0,0,29,0|14,10,0,6,0|10,6,0,6,0|6,2,0,10,0|9,4,0,31,0|15,8,0,0,0|7,0,0,30,0|14,6,0,30,0|10,2,0,29,0|13,4,0,30,0|11,0,0,32,0|14,2,0,0,0|15,0,0,6,0|1,12,1,32,0|2,10,1,12,0|5,12,1,12,0|3,8,1,10,0|6,10,1,28,0|2,6,1,29,0|9,12,1,9,0|1,4,1,15,0|7,8,1,13,0|10,10,1,31,0|6,6,1,6,0|2,2,1,16,0|13,12,1,28,0|5,4,1,11,0|11,8,1,15,0|3,0,1,15,0|14,10,1,27,0|10,6,1,13,0|6,2,1,12,0|9,4,1,11,0|15,8,1,11,0|7,0,1,9,0|14,6,1,32,0|10,2,1,9,0|13,4,1,14,0|11,0,1,16,0|14,2,1,13,0|15,0,1,16,0|1,12,2,15,0|5,12,2,10,0|2,6,2,0,0|9,12,2,27,0|6,6,2,10,0|13,12,2,33,0|3,0,2,27,0|10,6,2,33,3|7,0,2,33,1|14,6,2,0,0|11,0,2,33,2|15,0,2,16,0
Waves|SIMPLE|1,12,0,3,0|2,10,0,31,0|5,12,0,29,0|3,8,0,31,0|6,10,0,33,3|2,6,0,10,0|9,12,0,2,0|1,4,0,10,0|7,8,0,16,0|10,10,0,17,0|6,6,0,10,0|2,2,0,16,0|13,12,0,0,0|5,4,0,3,0|11,8,0,9,0|3,0,0,20,0|14,10,0,8,0|10,6,0,20,0|6,2,0,2,0|9,4,0,2,0|15,8,0,0,0|7,0,0,7,0|14,6,0,20,0|10,2,0,29,0|13,4,0,9,0|11,0,0,34,2|14,2,0,21,0|15,0,0,32,0|1,12,1,10,0|2,10,1,6,0|5,12,1,7,0|3,8,1,9,0|6,10,1,33,0|2,6,1,17,0|9,12,1,8,0|1,4,1,33,2|7,8,1,8,0|10,10,1,0,0|6,6,1,34,3|2,2,1,29,0|13,12,1,16,0|5,4,1,9,0|11,8,1,21,0|3,0,1,32,0|14,10,1,0,0|10,6,1,6,0|6,2,1,21,0|9,4,1,29,0|15,8,1,8,0|7,0,1,6,0|14,6,1,20,0|10,2,1,7,0|13,4,1,21,0|11,0,1,16,0|14,2,1,2,0|15,0,1,3,0|1,12,2,3,0|5,12,2,34,1|2,6,2,17,0|9,12,2,32,0|6,6,2,31,0|13,12,2,6,0|3,0,2,7,0|10,6,2,33,1|7,0,2,17,0|14,6,2,34,0|11,0,2,32,0|15,0,2,31,0
Waves|SIMPLE|1,12,0,6,0|2,10,0,3,0|5,12,0,29,0|3,8,0,29,0|6,10,0,19,0|2,6,0,26,0|9,12,0,3,0|1,4,0,26,0|7,8,0,12,0|10,10,0,28,0|6,6,0,3,0|2,2,0,22,0|13,12,0,33,0|5,4,0,30,0|11,8,0,1,0|3,0,0,29,0|14,10,0,13,0|10,6,0,31,0|6,2,0,23,0|9,4,0,31,0|15,8,0,11,0|7,0,0,13,0|14,6,0,30,0|10,2,0,31,0|13,4,0,23,0|11,0,0,29,0|14,2,0,1,0|15,0,0,6,0|1,12,1,28,0|2,10,1,30,0|5,12,1,19,0|3,8,1,17,0|6,10,1,13,0|2,6,1,33,1|9,12,1,19,0|1,4,1,12,0|7,8,1,1,0|10,10,1,3,0|6,6,1,11,0|2,2,1,33,2|13,12,1,23,0|5,4,1,12,0|11,8,1,11,0|3,0,1,13,0|14,10,1,34,3|10,6,1,31,0|6,2,1,6,0|9,4,1,1,0|15,8,1,26,0|7,0,1,17,0|14,6,1,28,0|10,2,1,11,0|13,4,1,12,0|11,0,1,22,0|14,2,1,34,2|15,0,1,30,0|1,12,2,34,0|5,12,2,17,0|2,6,2,34,1|9,12,2,26,0|6,6,2,6,0|13,12,2,22,0|3,0,2,33,3|10,6,2,23,0|7,0,2,22,0|14,6,2,28,0|11,0,2,19,0|15,0,2,17,0
Waves|SIMPLE|1,12,0,7,0|2,10,0,5,0|5,12,0,4,0|3,8,0,5,0|6,10,0,8,0|2,6,0,7,0|9,12,0,21,0|1,4,0,21,0|7,8,0,30,0|10,10,0,3,0|6,6,0,15,0|2,2,0,11,0|13,12,0,15,0|5,4,0,11,0|11,8,0,30,0|3,0,0,13,0|14,10,0,14,0|10,6,0,14,0|6,2,0,13,0|9,4,0,3,0|15,8,0,2,0|7,0,0,28,0|14,6,0,15,0|10,2,0,2,0|13,4,0,4,0|11,0,0,14,0|14,2,0,5,0|15,0,0,21,0|1,12,1,13,0|2,10,1,2,0|5,12,1,29,0|3,8,1,3,0|6,10,1,21,0|2,6,1,3,0|9,12,1,8,0|1,4,1,8,0|7,8,1,4,0|10,10,1,11,0|6,6,1,13,0|2,2,1,8,0|13,12,1,29,0|5,4,1,7,0|11,8,1,14,0|3,0,1,7,0|14,10,1,15,0|10,6,1,4,0|6,2,1,19,0|9,4,1,5,0|15,8,1,2,0|7,0,1,24,0|14,6,1,11,0|10,2,1,24,0|13,4,1,24,0|11,0,1,28,0|14,2,1,29,0|15,0,1,24,0|1,12,2,19,0|5,12,2,19,0|2,6,2,19,0|9,12,2,29,0|6,6,2,34,0|13,12,2,34,2|3,0,2,28,0|10,6,2,34,1|7,0,2,34,3|14,6,2,30,0|11,0,2,30,0|15,0,2,28,0